Policy	A	B
0	0.01	0.01
1	0.01	0.01
2	0.01	0.01
3	0.01	0.01
4	1.23	0.04
5	1.23	0.07
6	1.24	0.08
7	1.24	0.08
8	1.25	0.08
9	1.25	0.08
10	1.26	0.08
11	1.26	0.09
12	1.26	0.09
13	1.26	0.09
14	1.27	0.09
15	1.28	0.10
16	1.28	0.10
17	1.29	0.10
18	1.29	0.10
19	1.29	0.10
20	1.29	0.10
21	1.29	0.10
22	1.29	0.10
23	1.29	0.10
24	1.29	0.10
25	1.29	0.10
26	1.30	0.10
27	1.30	0.10
28	1.30	0.10
29	1.30	0.11
30	1.30	0.11
31	1.30	0.11
32	1.30	0.11
33	1.30	0.11
34	1.30	0.11
35	1.31	0.11
36	1.31	0.11
37	1.31	0.11
38	1.31	0.11
39	1.31	0.11
40	1.31	0.11
41	1.31	0.11
42	1.32	0.11
43	1.32	0.11
44	1.32	0.11
45	1.32	0.11
46	1.32	0.11
47	1.32	0.11
48	1.32	0.11
49	1.33	0.11
50	1.33	0.11
51	1.33	0.11
52	1.33	0.11
53	1.33	0.12
54	1.33	0.12
55	1.33	0.12
56	1.34	0.12
57	1.34	0.12
58	1.34	0.13
59	1.34	0.13
60	1.34	0.13
61	1.34	0.13
62	1.34	0.13
63	1.35	0.13
64	1.35	0.13
65	1.35	0.14
66	1.35	0.14
67	1.35	0.14
68	1.35	0.14
69	1.35	0.14
70	1.35	0.14
71	1.35	0.15
72	1.35	0.15
73	1.35	0.15
74	1.35	0.15
75	1.35	0.15
76	1.35	0.15
77	1.35	0.15
78	1.35	0.15
79	1.35	0.15
80	1.35	0.15
81	1.35	0.16
82	1.35	0.16
83	1.35	0.16
84	1.35	0.16
85	1.35	0.16
86	1.36	0.16
87	1.36	0.16
88	1.36	0.16
89	1.36	0.16
90	1.36	0.16
91	1.36	0.16
92	1.36	0.17
93	1.36	0.17
94	1.36	0.17
95	1.36	0.17
96	1.36	0.17
97	1.36	0.17
98	1.36	0.17
99	1.36	0.17
100	1.36	0.17
101	1.36	0.17
102	1.36	0.17
103	1.36	0.17
104	1.36	0.17
105	1.36	0.17
106	1.36	0.17
107	1.36	0.17
108	1.36	0.17
109	1.36	0.17
110	1.37	0.17
111	1.37	0.17
112	1.37	0.17
113	1.37	0.18
114	1.37	0.18
115	1.37	0.18
116	1.37	0.18
117	1.37	0.18
118	1.37	0.18
119	1.37	0.18
120	1.37	0.18
121	1.37	0.18
122	1.37	0.18
123	1.37	0.18
124	1.37	0.18
125	1.37	0.18
126	1.37	0.18
127	1.37	0.18
128	1.37	0.19
129	1.37	0.19
130	1.37	0.19
131	1.37	0.19
132	1.37	0.19
133	1.37	0.19
134	1.37	0.19
135	1.37	0.19
136	1.38	0.19
137	1.38	0.19
138	1.38	0.19
139	1.38	0.19
140	1.38	0.19
141	1.38	0.19
142	1.38	0.19
143	1.38	0.19
144	1.38	0.19
145	1.38	0.19
146	1.38	0.19
147	1.38	0.19
148	1.38	0.19
149	1.38	0.19
150	1.38	0.19
151	1.38	0.19
152	1.38	0.19
153	1.38	0.19
154	1.38	0.19
155	1.38	0.19
156	1.38	0.19
157	1.38	0.19
158	1.38	0.19
159	1.38	0.19
160	1.39	0.19
161	1.39	0.19
162	1.39	0.19
163	1.39	0.19
164	1.39	0.19
165	1.39	0.19
166	1.39	0.19
167	1.39	0.19
168	1.39	0.19
169	1.39	0.19
170	1.39	0.19
171	1.39	0.19
172	1.40	0.19
173	1.40	0.19
174	1.40	0.19
175	1.40	0.19
176	1.40	0.19
177	1.40	0.19
178	1.40	0.19
179	1.40	0.19
180	1.40	0.19
181	1.40	0.19
182	1.40	0.19
183	1.40	0.19
184	1.40	0.19
185	1.41	0.19
186	1.41	0.19
187	1.41	0.19
188	1.41	0.19
189	1.41	0.19
190	1.41	0.19
191	1.41	0.19
192	1.42	0.19
193	1.42	0.19
194	1.42	0.19
195	1.42	0.19
196	1.42	0.19
197	1.42	0.19
198	1.42	0.19
199	1.42	0.19
200	1.42	0.19
201	1.43	0.19
202	1.43	0.19
203	1.43	0.19
204	1.43	0.19
205	1.43	0.19
206	1.43	0.19
207	1.43	0.19
208	1.43	0.19
209	1.43	0.19
210	1.43	0.19
211	1.43	0.19
212	1.43	0.19
213	1.43	0.19
214	1.43	0.19
215	1.43	0.19
216	1.43	0.19
217	1.43	0.19
218	1.43	0.19
219	1.44	0.19
220	1.44	0.19
221	1.44	0.19
222	1.44	0.19
223	1.44	0.19
224	1.44	0.19
225	1.44	0.19
226	1.44	0.19
227	1.44	0.19
228	1.44	0.19
229	1.44	0.19
230	1.44	0.19
231	1.44	0.19
232	1.44	0.19
233	1.44	0.19
234	1.44	0.20
235	1.44	0.20
236	1.44	0.20
237	1.44	0.20
238	1.44	0.20
239	1.44	0.20
240	1.44	0.20
241	1.44	0.20
242	1.44	0.20
243	1.44	0.20
244	1.44	0.20
245	1.44	0.20
246	1.44	0.20
247	1.44	0.20
248	1.45	0.20
249	1.45	0.20
250	1.45	0.20
251	1.45	0.20
252	1.45	0.20
253	1.45	0.20
254	1.45	0.20
255	1.45	0.20
256	1.45	0.20
257	1.45	0.20
258	1.45	0.20
259	1.45	0.20
260	1.45	0.20
261	1.45	0.20
262	1.45	0.20
263	1.45	0.20
264	1.45	0.20
265	1.45	0.20
266	1.45	0.20
267	1.45	0.20
268	1.45	0.20
269	1.45	0.20
270	1.46	0.20
271	1.46	0.20
272	1.46	0.20
273	1.46	0.20
274	1.46	0.20
275	1.46	0.20
276	1.46	0.20
277	1.46	0.20
278	1.46	0.20
279	1.46	0.20
280	1.46	0.20
281	1.46	0.20
282	1.46	0.20
283	1.46	0.20
284	1.46	0.20
285	1.46	0.20
286	1.46	0.20
287	1.46	0.20
288	1.46	0.20
289	1.47	0.20
290	1.47	0.20
291	1.47	0.20
292	1.47	0.21
293	1.47	0.21
294	1.47	0.21
295	1.47	0.21
296	1.47	0.21
297	1.47	0.21
298	1.47	0.21
299	1.47	0.21
300	1.47	0.21
301	1.47	0.21
302	1.47	0.21
303	1.47	0.21
304	1.48	0.21
305	1.48	0.22
306	1.48	0.22
307	1.48	0.22
308	1.48	0.23
309	1.48	0.23
310	1.48	0.23
311	1.48	0.23
312	1.48	0.23
313	1.48	0.23
314	1.48	0.23
315	1.48	0.23
316	1.48	0.23
317	1.48	0.23
318	1.48	0.23
319	1.49	0.23
320	1.49	0.23
321	1.49	0.24
322	1.49	0.24
323	1.49	0.24
324	1.49	0.24
325	1.50	0.24
326	1.50	0.24
327	1.50	0.24
328	1.50	0.24
329	1.50	0.24
330	1.50	0.24
331	1.50	0.24
332	1.50	0.24
333	1.50	0.24
334	1.50	0.24
335	1.51	0.24
336	1.51	0.24
337	1.51	0.24
338	1.51	0.25
339	1.52	0.25
340	1.52	0.25
341	1.52	0.26
342	1.52	0.26
343	1.52	0.26
344	1.52	0.26
345	1.53	0.26
346	1.53	0.26
347	1.53	0.26
348	1.53	0.26
349	1.53	0.26
350	1.54	0.26
351	1.54	0.26
352	1.54	0.26
353	1.54	0.26
354	1.54	0.26
355	1.54	0.26
356	1.55	0.26
357	1.55	0.26
358	1.55	0.26
359	1.55	0.26
360	1.55	0.26
361	1.55	0.26
362	1.56	0.26
363	1.56	0.26
364	1.56	0.26
365	1.56	0.26
366	1.57	0.26
367	1.57	0.26
368	1.57	0.26
369	1.57	0.26
370	1.57	0.26
371	1.57	0.26
372	1.57	0.26
373	1.58	0.26
374	1.58	0.26
375	1.58	0.27
376	1.58	0.27
377	1.58	0.27
378	1.58	0.27
379	1.58	0.27
380	1.59	0.27
381	1.59	0.27
382	1.59	0.27
383	1.59	0.27
384	1.59	0.27
385	1.59	0.27
386	1.59	0.27
387	1.59	0.27
388	1.60	0.27
389	1.60	0.27
390	1.60	0.27
391	1.60	0.27
392	1.60	0.27
393	1.60	0.27
394	1.60	0.27
395	1.60	0.27
396	1.61	0.27
397	1.61	0.27
398	1.61	0.27
399	1.61	0.27
400	1.61	0.27
401	1.61	0.27
402	1.61	0.27
403	1.61	0.27
404	1.61	0.27
405	1.61	0.27
406	1.61	0.27
407	1.61	0.27
408	1.62	0.28
409	1.62	0.28
410	1.62	0.28
411	1.62	0.28
412	1.62	0.28
413	1.62	0.28
414	1.62	0.28
415	1.63	0.28
416	1.63	0.28
417	1.63	0.28
418	1.63	0.28
419	1.63	0.28
420	1.63	0.28
421	1.63	0.28
422	1.63	0.28
423	1.64	0.28
424	1.64	0.28
425	1.64	0.28
426	1.64	0.28
427	1.64	0.28
428	1.64	0.28
429	1.65	0.28
430	1.65	0.28
431	1.65	0.29
432	1.66	0.29
433	1.67	0.29
434	1.67	0.29
435	1.69	0.29
436	1.69	0.29
437	1.69	0.29
438	1.71	0.29
439	1.72	0.29
440	1.72	0.29
441	1.72	0.29
442	1.73	0.29
443	1.73	0.29
444	1.74	0.29
445	1.74	0.30
446	1.74	0.30
447	1.74	0.30
448	1.75	0.30
449	1.75	0.30
450	1.75	0.30
451	1.75	0.31
452	1.76	0.32
453	1.76	0.33
454	1.78	0.34
455	1.79	0.34
456	1.80	0.34
457	1.81	0.34
458	1.83	0.34
459	1.83	0.34
460	1.84	0.35
461	1.85	0.35
462	1.86	0.35
463	1.87	0.35
464	1.87	0.36
465	1.89	0.36
466	1.89	0.36
467	1.89	0.38
468	1.90	0.38
469	1.91	0.39
470	1.92	0.40
471	1.95	0.41
472	1.97	0.41
473	1.99	0.41
474	2.04	0.41
475	2.09	0.41
476	2.11	0.42
477	2.12	0.42
478	2.13	0.42
479	2.13	0.42
480	2.13	0.43
481	2.16	0.43
482	2.17	0.45
483	2.19	0.45
484	2.22	0.46
485	2.36	0.47
486	2.41	0.48
487	2.51	0.48
488	2.53	0.48
489	2.53	0.49
490	2.56	0.49
491	2.58	0.49
492	2.65	0.50
493	2.68	0.50
494	2.71	0.51
495	2.77	0.52
496	2.80	0.52
497	2.89	0.53
498	2.90	0.56
499	2.90	0.60
500	2.95	0.61
501	3.04	0.65
502	3.60	0.69
503	9.77	0.70
504	26.57	1.27
505	29.08	2.77
