NumberStatement	NumberMCI	NumberRRI	MCISolvingRoundAverage	TotalTimeAverage	MCILabelsTimeAverage	MCIOperationsTimeAverage	RRIOperationsTimeAverage	RRIILPSolvingTimeAverage
1	1	1	16	18.98	17.94	0.59	0.45	0.00
2	4	2	36	27.25	25.51	1.18	0.56	0.00
3	9	3	64	30.38	27.46	2.20	0.72	0.00
4	16	4	100	44.44	39.62	3.79	1.03	0.00
5	25	5	144	51.71	44.47	5.84	1.39	0.00
6	36	6	196	65.97	54.26	9.78	1.92	0.00
7	49	7	256	88.52	72.88	13.43	2.21	0.00
8	64	8	324	103.71	82.62	18.42	2.67	0.00
9	81	9	400	125.24	99.90	22.24	3.10	0.00
10	100	10	484	158.82	126.99	27.76	4.07	0.00
11	121	11	576	204.89	160.19	38.52	6.19	0.00
12	144	12	676	239.07	183.11	47.13	8.83	0.00
13	169	13	784	322.42	234.83	77.71	9.87	0.00
14	196	14	900	359.12	274.91	71.83	12.38	0.00
15	225	15	1024	444.06	335.76	92.72	15.58	0.00
