NumberStatement	NumberMCI	NumberRRI	MCISolvingRoundAverage	TotalTimeAverage	MCILabelsTimeAverage	MCIOperationsTimeAverage	RRIOperationsTimeAverage	RRIILPSolvingTimeAverage
2	8	8	20	6.82	6.01	0.63	0.18	0.00
1	2	2	12	4.91	4.55	0.26	0.10	0.00
1	12	12	20	5.94	5.30	0.45	0.19	0.00
2	8	8	20	8.77	7.91	0.67	0.19	0.00
1	10	10	36	9.58	8.65	0.76	0.17	0.00
2	14	14	32	16.08	14.83	1.01	0.25	0.00
1	2	2	12	8.85	8.49	0.26	0.10	0.00
2	8	8	20	7.89	7.06	0.65	0.18	0.00
3	16	16	76	41.35	38.25	2.71	0.39	0.00
1	4	4	9	12.29	11.96	0.22	0.11	0.00
2	8	8	20	7.29	6.48	0.63	0.18	0.00
1	21	21	32	10.02	9.13	0.65	0.24	0.00
1	12	12	20	5.36	4.78	0.41	0.17	0.00
1	48	48	136	46.50	42.79	3.14	0.58	0.00
1	240	240	408	42.87	29.13	11.32	2.42	0.00
1	45	45	128	34.96	31.72	2.73	0.50	0.00
1	45	45	128	30.34	27.02	2.81	0.51	0.00
2	8	8	20	8.68	7.87	0.63	0.18	0.00
2	8	8	20	6.43	5.65	0.61	0.17	0.00
2	8	8	20	7.64	6.87	0.61	0.17	0.00
2	8	8	20	7.64	6.84	0.62	0.18	0.00
1	4	4	18	10.17	9.68	0.38	0.11	0.00
2	8	8	20	8.02	7.21	0.64	0.18	0.00
1	12	12	20	5.65	5.04	0.43	0.18	0.00
1	12	12	20	5.70	5.10	0.42	0.17	0.00
3	14	14	67	22.29	19.45	2.49	0.36	0.00
1	2	2	12	4.53	4.18	0.25	0.10	0.00
2	5	5	24	9.97	9.13	0.68	0.16	0.00
2	8	8	20	10.73	9.81	0.73	0.18	0.00
1	12	12	20	5.53	4.91	0.44	0.18	0.00
2	10	10	36	9.86	8.92	0.76	0.17	0.00
2	8	8	20	7.25	6.41	0.66	0.18	0.00
2	8	8	20	6.95	6.13	0.64	0.18	0.00
2	8	8	20	8.91	8.05	0.68	0.19	0.00
1	21	21	32	10.56	9.63	0.68	0.26	0.00
1	12	12	20	6.22	5.63	0.42	0.17	0.00
1	12	12	20	5.64	5.04	0.43	0.18	0.00
3	14	14	59	18.80	16.31	2.14	0.34	0.00
2	14	14	32	11.23	9.98	1.00	0.25	0.00
1	12	12	20	6.41	5.79	0.44	0.18	0.00
1	12	12	20	6.05	5.40	0.45	0.19	0.00
2	9	9	32	17.72	16.92	0.62	0.17	0.00
2	9	9	32	17.72	16.93	0.62	0.17	0.00
1	12	12	20	5.64	4.98	0.48	0.19	0.00
2	9	9	32	18.70	17.86	0.66	0.18	0.00
2	9	9	32	18.16	17.38	0.61	0.17	0.00
2	9	9	32	19.50	18.64	0.67	0.19	0.00
2	9	9	32	19.21	18.42	0.61	0.17	0.00
2	9	9	32	18.53	17.71	0.64	0.18	0.00
2	9	9	32	19.41	18.60	0.63	0.17	0.00
2	9	9	32	19.76	18.94	0.64	0.18	0.00
2	9	9	32	17.48	16.67	0.63	0.18	0.00
2	9	9	32	18.59	17.75	0.66	0.18	0.00
2	9	9	32	18.11	17.32	0.62	0.16	0.00
2	9	9	32	16.58	15.77	0.64	0.17	0.00
2	9	9	32	18.94	18.15	0.62	0.17	0.00
1	12	12	20	4.65	4.07	0.41	0.17	0.00
1	12	12	20	5.57	4.99	0.41	0.17	0.00
1	12	12	20	5.82	5.22	0.42	0.17	0.00
1	12	12	20	5.94	5.34	0.43	0.17	0.00
2	8	8	20	8.95	8.12	0.65	0.18	0.00
3	14	14	66	19.27	16.40	2.51	0.36	0.00
2	8	8	20	6.84	6.02	0.64	0.18	0.00
1	2	2	12	4.09	3.73	0.26	0.10	0.00
2	14	14	32	16.62	15.30	1.05	0.27	0.00
2	14	14	32	15.95	14.69	1.01	0.25	0.00
2	14	14	32	11.84	10.55	1.03	0.26	0.00
1	2	2	12	5.89	5.54	0.25	0.10	0.00
1	2	2	12	5.76	5.40	0.26	0.10	0.00
1	2	2	12	6.29	5.93	0.25	0.10	0.00
2	14	14	32	16.37	15.09	1.02	0.25	0.00
2	14	14	32	16.52	15.24	1.03	0.25	0.00
2	14	14	32	16.49	15.21	1.03	0.25	0.00
2	14	14	32	11.73	10.44	1.04	0.26	0.00
2	14	14	32	12.24	10.96	1.02	0.26	0.00
2	14	14	32	16.62	15.37	1.00	0.25	0.00
2	14	14	32	15.88	14.62	1.01	0.25	0.00
2	14	14	32	15.91	14.64	1.02	0.25	0.00
2	15	15	48	19.90	18.55	1.07	0.27	0.00
1	2	2	18	9.44	8.90	0.42	0.12	0.00
2	8	8	20	9.09	8.21	0.69	0.19	0.00
2	14	14	32	12.84	11.55	1.03	0.25	0.00
2	8	8	20	8.38	7.53	0.65	0.19	0.00
2	14	14	32	12.87	11.59	1.03	0.25	0.00
1	2	2	12	5.69	5.32	0.26	0.10	0.00
2	14	14	32	13.11	11.85	1.01	0.25	0.00
2	14	14	32	11.98	10.73	1.00	0.25	0.00
3	14	14	69	17.67	14.84	2.48	0.35	0.00
2	14	14	32	15.32	14.10	0.98	0.24	0.00
2	14	14	32	12.28	11.03	1.00	0.25	0.00
1	2	2	12	5.36	4.99	0.26	0.10	0.00
1	12	12	20	5.73	5.10	0.44	0.19	0.00
2	8	8	20	6.68	5.85	0.65	0.18	0.00
2	14	14	32	12.53	11.27	1.01	0.26	0.00
2	8	8	20	9.23	8.40	0.66	0.18	0.00
1	21	21	32	10.37	9.45	0.66	0.25	0.00
1	12	12	20	5.44	4.81	0.44	0.18	0.00
3	20	20	96	26.36	22.82	3.14	0.40	0.00
2	14	14	32	19.35	18.17	0.94	0.24	0.00
2	14	14	32	11.05	9.88	0.94	0.23	0.00
2	14	14	32	11.76	10.61	0.93	0.23	0.00
2	14	14	32	11.89	10.67	0.98	0.24	0.00
2	14	14	32	11.25	10.04	0.96	0.24	0.00
2	14	14	32	11.06	9.83	0.98	0.25	0.00
2	14	14	32	11.25	10.02	0.99	0.25	0.00
1	2	2	12	4.77	4.42	0.25	0.10	0.00
2	14	14	32	12.40	11.16	1.00	0.24	0.00
2	14	14	32	11.63	10.35	1.01	0.27	0.00
2	14	14	32	11.50	10.25	1.00	0.25	0.00
2	14	14	32	11.64	10.37	1.02	0.25	0.00
2	14	14	32	11.41	10.15	1.01	0.25	0.00
2	14	14	32	16.27	14.96	1.04	0.26	0.00
2	14	14	32	12.34	11.05	1.03	0.26	0.00
2	14	14	32	15.91	14.66	1.00	0.25	0.00
2	14	14	32	16.37	15.15	0.98	0.25	0.00
2	14	14	32	11.81	10.56	1.00	0.26	0.00
1	12	12	20	6.18	5.56	0.43	0.19	0.00
2	8	8	20	6.47	5.67	0.62	0.17	0.00
1	2	2	12	4.13	3.78	0.25	0.10	0.00
1	18	18	28	10.97	10.16	0.58	0.23	0.00
2	14	14	32	15.91	14.68	0.98	0.25	0.00
2	8	8	20	8.16	7.37	0.61	0.18	0.00
2	8	8	20	6.97	6.16	0.63	0.18	0.00
3	14	14	72	28.82	25.94	2.55	0.34	0.00
1	15	15	48	71.13	69.95	0.97	0.21	0.00
1	21	21	32	5.67	4.75	0.66	0.25	0.00
1	12	12	20	4.74	4.12	0.44	0.18	0.00
2	8	8	20	22.97	22.16	0.63	0.18	0.00
3	27	27	189	38.84	30.46	7.81	0.58	0.00
1	4	4	18	7.84	7.41	0.33	0.10	0.00
1	4	4	18	8.37	7.90	0.36	0.10	0.00
1	12	12	20	7.10	6.50	0.44	0.17	0.00
1	12	12	20	5.57	4.98	0.42	0.17	0.00
1	2	2	12	3.78	3.43	0.25	0.10	0.00
2	8	8	20	6.85	6.05	0.63	0.18	0.00
2	8	8	20	6.75	5.95	0.63	0.17	0.00
2	14	14	32	24.97	23.74	0.99	0.24	0.00
2	8	8	20	7.82	6.99	0.64	0.18	0.00
3	16	16	78	40.71	37.69	2.64	0.38	0.00
3	16	16	79	33.92	31.07	2.49	0.37	0.00
1	12	12	20	4.74	4.17	0.39	0.17	0.00
1	12	12	20	5.46	4.89	0.41	0.16	0.00
2	8	8	47	64.45	63.01	1.18	0.26	0.00
1	12	12	20	5.25	4.65	0.42	0.18	0.00
2	8	8	20	7.74	6.92	0.63	0.18	0.00
1	12	12	20	5.88	5.27	0.43	0.18	0.00
2	8	8	20	8.26	7.44	0.65	0.18	0.00
2	8	8	20	7.82	7.01	0.64	0.18	0.00
2	8	8	20	7.94	7.12	0.65	0.17	0.00
2	8	8	20	7.99	7.17	0.64	0.18	0.00
2	8	8	20	8.01	7.16	0.66	0.19	0.00
2	8	8	20	8.10	7.27	0.66	0.18	0.00
3	40	40	265	7465.09	7444.97	17.46	2.66	0.00
2	8	8	20	5.90	5.50	0.31	0.09	0.00
1	12	12	20	4.61	4.32	0.21	0.09	0.00
2	8	8	20	7.06	6.62	0.34	0.11	0.00
2	8	8	20	7.23	6.70	0.41	0.12	0.00
2	8	8	20	7.38	6.67	0.55	0.16	0.00
2	8	8	20	7.45	6.66	0.61	0.18	0.00
1	12	12	20	5.43	4.84	0.42	0.17	0.00
2	8	8	20	7.88	7.10	0.62	0.17	0.00
2	8	8	20	7.87	7.07	0.62	0.18	0.00
2	8	8	20	8.05	7.25	0.63	0.17	0.00
2	8	8	20	7.90	7.11	0.61	0.17	0.00
2	8	8	20	6.21	5.43	0.62	0.17	0.00
2	8	8	20	6.35	5.57	0.61	0.17	0.00
2	8	8	20	6.33	5.51	0.63	0.18	0.00
2	8	8	20	6.35	5.54	0.64	0.18	0.00
2	8	8	20	6.37	5.56	0.63	0.17	0.00
2	8	8	20	6.64	5.83	0.63	0.18	0.00
2	8	8	20	6.53	5.71	0.64	0.18	0.00
1	12	12	20	6.16	5.56	0.42	0.17	0.00
2	8	8	20	7.94	7.13	0.63	0.17	0.00
1	3	3	16	8.46	8.03	0.31	0.11	0.00
2	8	8	20	8.82	8.02	0.62	0.18	0.00
5	16	16	125	27.60	22.05	4.94	0.62	0.00
1	12	12	20	5.35	4.80	0.39	0.16	0.00
3	15	15	54	17.72	15.90	1.53	0.30	0.00
4	17	17	51	19.99	17.90	1.67	0.42	0.00
2	14	14	32	16.46	15.28	0.95	0.23	0.00
2	8	8	20	9.69	8.88	0.64	0.18	0.00
2	8	8	20	9.17	8.37	0.63	0.17	0.00
4	11	11	36	17.92	16.56	1.05	0.30	0.00
2	8	8	20	6.60	5.80	0.62	0.17	0.00
1	9	9	32	9.29	8.52	0.63	0.15	0.00
2	8	8	20	8.46	7.67	0.61	0.18	0.00
2	8	8	20	6.65	5.86	0.62	0.17	0.00
3	54	54	144	70.35	65.69	3.79	0.87	0.00
3	24	24	63	45.36	42.88	2.04	0.44	0.00
2	45	45	153	30.79	26.40	3.73	0.65	0.00
2	8	8	20	9.77	9.02	0.59	0.17	0.00
1	21	21	32	9.89	9.04	0.62	0.23	0.00
1	21	21	32	10.93	10.10	0.60	0.23	0.00
1	21	21	32	12.63	11.79	0.60	0.24	0.00
1	21	21	32	11.50	10.66	0.61	0.23	0.00
1	21	21	32	11.02	10.18	0.61	0.23	0.00
1	21	21	32	9.73	8.89	0.61	0.23	0.00
1	21	21	32	9.16	8.32	0.60	0.24	0.00
1	21	21	32	11.58	10.75	0.60	0.23	0.00
1	12	12	20	4.61	4.05	0.39	0.17	0.00
1	12	12	20	4.92	4.34	0.42	0.16	0.00
4	1	1	62	52.12	48.30	3.81	0.00	0.00
2	8	8	20	7.93	7.22	0.56	0.16	0.00
2	8	8	20	6.46	5.68	0.60	0.17	0.00
3	6	6	41	13.97	12.91	0.90	0.16	0.00
2	8	8	20	10.22	9.42	0.62	0.18	0.00
2	14	14	32	15.88	14.67	0.97	0.24	0.00
1	18	18	28	8.89	8.11	0.56	0.22	0.00
2	8	8	20	6.66	5.86	0.63	0.18	0.00
1	21	21	32	12.32	11.46	0.62	0.24	0.00
2	8	8	20	10.01	9.21	0.63	0.17	0.00
2	8	8	20	9.39	8.59	0.63	0.18	0.00
2	45	45	122	43.52	39.96	2.93	0.62	0.00
2	8	8	20	7.72	6.92	0.63	0.17	0.00
2	8	8	20	6.25	5.47	0.62	0.17	0.00
2	8	8	20	7.02	6.22	0.62	0.17	0.00
1	15	15	48	67.99	66.91	0.89	0.19	0.00
1	2	2	12	5.11	4.79	0.23	0.09	0.00
2	8	8	20	7.86	7.08	0.60	0.17	0.00
2	8	8	20	7.72	6.94	0.61	0.17	0.00
1	12	12	20	5.42	4.84	0.41	0.17	0.00
6	29	29	400	88.96	71.04	17.30	0.62	0.00
1	18	18	56	11.27	10.40	0.72	0.15	0.00
1	21	21	32	11.32	10.54	0.56	0.22	0.00
1	2	2	12	4.78	4.45	0.24	0.09	0.00
2	8	8	20	6.54	5.73	0.63	0.18	0.00
2	8	8	20	8.77	7.96	0.64	0.18	0.00
2	8	8	20	9.95	9.13	0.64	0.19	0.00
2	8	8	20	7.09	6.28	0.64	0.18	0.00
2	8	8	20	8.92	8.10	0.64	0.17	0.00
2	8	8	20	8.65	7.82	0.66	0.18	0.00
1	10	10	36	10.61	9.65	0.78	0.18	0.00
1	12	12	20	5.94	5.34	0.43	0.17	0.00
1	12	12	20	5.75	5.14	0.43	0.18	0.00
1	36	36	104	32.61	29.92	2.26	0.43	0.00
1	45	45	128	31.96	28.66	2.79	0.51	0.00
3	48	48	136	66.43	62.21	3.44	0.78	0.00
2	8	8	20	8.20	7.43	0.60	0.17	0.00
2	8	8	20	7.38	6.58	0.63	0.17	0.00
2	18	18	53	14.62	13.15	1.19	0.27	0.00
1	10	10	36	11.06	10.11	0.78	0.17	0.00
1	12	12	20	5.40	4.82	0.41	0.17	0.00
2	8	8	20	7.13	6.33	0.63	0.17	0.00
2	8	8	20	8.56	7.76	0.63	0.18	0.00
1	12	12	20	5.48	4.89	0.42	0.17	0.00
1	21	21	32	12.10	11.22	0.64	0.23	0.00
3	14	14	76	18.74	15.98	2.44	0.32	0.00
2	8	8	20	7.31	6.52	0.62	0.17	0.00
1	0	0	1	21.03	20.89	0.14	0.00	0.00
1	2	2	12	22.41	22.07	0.24	0.09	0.00
2	8	8	20	30.25	29.45	0.63	0.17	0.00
2	4	4	57	12.12	9.64	2.28	0.20	0.00
1	6	6	28	8.07	7.29	0.63	0.15	0.00
2	14	14	32	15.21	13.98	0.98	0.25	0.00
3	13	13	45	18.74	17.20	1.24	0.30	0.00
4	17	17	60	24.39	22.20	1.76	0.43	0.00
2	8	8	20	8.75	7.93	0.63	0.18	0.00
2	8	8	20	8.26	7.46	0.63	0.17	0.00
2	8	8	20	9.06	8.27	0.61	0.17	0.00
1	9	9	32	10.87	10.09	0.63	0.15	0.00
1	9	9	32	9.97	9.19	0.62	0.15	0.00
2	8	8	20	7.05	6.23	0.64	0.18	0.00
2	14	14	32	15.41	14.16	1.00	0.25	0.00
1	9	9	32	8.61	7.84	0.62	0.15	0.00
2	8	8	20	6.63	5.81	0.63	0.18	0.00
1	21	21	32	10.39	9.48	0.67	0.24	0.00
8	12	12	40	33.04	31.68	0.98	0.38	0.00
2	8	8	20	6.66	5.86	0.63	0.17	0.00
1	12	12	20	7.08	6.49	0.42	0.16	0.00
2	8	8	20	6.89	6.10	0.61	0.17	0.00
2	8	8	20	7.87	7.07	0.63	0.17	0.00
2	14	14	32	12.13	10.90	0.99	0.25	0.00
1	12	12	20	8.80	8.20	0.43	0.17	0.00
2	14	14	32	13.01	11.78	0.99	0.24	0.00
1	10	10	36	8.85	7.92	0.77	0.17	0.00
2	8	8	20	7.69	6.88	0.62	0.18	0.00
1	21	21	32	10.27	9.40	0.63	0.25	0.00
4	14	14	88	24.95	21.56	3.00	0.39	0.00
2	14	14	32	14.76	13.52	1.00	0.25	0.00
2	8	8	20	9.22	8.42	0.63	0.17	0.00
2	14	14	32	12.06	10.82	0.99	0.25	0.00
2	14	14	32	15.33	14.09	0.99	0.26	0.00
1	12	12	20	5.85	5.26	0.42	0.17	0.00
2	8	8	20	8.89	8.09	0.63	0.17	0.00
1	2	2	12	5.19	4.86	0.24	0.10	0.00
2	8	8	20	13.23	12.43	0.63	0.17	0.00
1	6	6	48	17.09	15.67	1.25	0.17	0.00
2	8	8	20	9.56	8.76	0.63	0.17	0.00
1	2	2	6	5.82	5.58	0.15	0.09	0.00
1	18	18	56	88.55	87.25	1.08	0.22	0.00
3	14	14	78	18.20	15.37	2.51	0.32	0.00
3	14	14	57	19.58	17.32	1.95	0.30	0.00
2	14	14	32	14.53	13.31	0.98	0.24	0.00
3	16	16	77	38.54	35.56	2.59	0.39	0.00
2	8	8	20	7.88	7.09	0.62	0.17	0.00
2	8	8	20	7.52	6.72	0.62	0.17	0.00
2	8	8	20	6.38	5.57	0.63	0.18	0.00
2	8	8	20	6.31	5.52	0.62	0.17	0.00
1	12	12	20	5.36	4.77	0.42	0.17	0.00
2	8	8	20	10.96	10.17	0.62	0.17	0.00
2	8	8	20	6.50	5.71	0.62	0.17	0.00
1	9	9	16	7.25	6.79	0.33	0.13	0.00
1	6	6	24	9.45	8.85	0.47	0.13	0.00
1	2	2	12	5.92	5.59	0.24	0.10	0.00
2	8	8	20	9.02	8.21	0.63	0.18	0.00
2	8	8	20	8.23	7.41	0.64	0.17	0.00
2	23	23	58	20.28	18.22	1.68	0.37	0.00
1	3	3	16	8.83	8.41	0.31	0.11	0.00
1	4	4	9	4.12	3.80	0.21	0.11	0.00
1	2	2	6	3.72	3.48	0.15	0.09	0.00
1	12	12	20	5.45	4.86	0.42	0.18	0.00
2	8	8	20	7.23	6.42	0.63	0.18	0.00
1	2	2	12	4.64	4.28	0.25	0.10	0.00
1	12	12	20	5.99	5.39	0.42	0.18	0.00
2	8	8	20	8.72	7.92	0.63	0.17	0.00
2	8	8	20	6.45	5.64	0.64	0.17	0.00
2	8	8	20	7.71	6.91	0.63	0.17	0.00
2	2	2	12	5.94	5.59	0.25	0.10	0.00
1	12	12	20	5.57	4.97	0.43	0.17	0.00
1	12	12	20	6.13	5.53	0.42	0.18	0.00
2	14	14	32	15.67	14.45	0.98	0.25	0.00
1	42	42	120	33.22	30.11	2.65	0.46	0.00
1	15	15	48	10.24	9.02	1.00	0.22	0.00
2	8	8	44	63.58	62.21	1.12	0.25	0.00
1	0	0	1	18.63	18.48	0.16	0.00	0.00
2	14	14	32	15.07	13.84	0.99	0.24	0.00
2	19	19	32	11.44	10.37	0.79	0.28	0.00
2	8	8	20	6.87	6.03	0.65	0.18	0.00
4	13	13	74	27.18	24.05	2.67	0.45	0.00
2	8	8	20	9.53	8.70	0.64	0.18	0.00
2	8	8	20	8.42	7.59	0.65	0.18	0.00
2	14	14	32	17.33	16.08	1.00	0.25	0.00
3	8	8	78	34.99	32.07	2.64	0.27	0.00
1	12	12	40	50.09	49.14	0.78	0.18	0.00
2	21	21	54	15.70	14.09	1.30	0.32	0.00
2	8	8	20	6.54	5.71	0.65	0.18	0.00
1	21	21	32	9.44	8.51	0.67	0.26	0.00
2	14	14	32	14.65	13.41	0.99	0.25	0.00
1	9	9	37	8.55	7.52	0.85	0.18	0.00
2	14	14	32	12.69	11.45	1.00	0.25	0.00
1	12	12	20	5.49	4.89	0.43	0.18	0.00
1	120	120	252	16.23	6.87	8.11	1.25	0.00
1	2	2	12	5.55	5.28	0.20	0.08	0.00
2	14	14	32	16.48	15.27	0.97	0.24	0.00
2	8	8	20	10.41	9.60	0.63	0.18	0.00
2	8	8	20	9.89	9.07	0.64	0.18	0.00
3	40	40	189	52.28	44.47	7.16	0.65	0.00
3	33	33	66	35.87	33.20	2.10	0.57	0.00
1	21	21	32	6.73	5.81	0.66	0.26	0.00
1	10	10	36	7.60	6.67	0.76	0.17	0.00
2	18	18	84	9.44	5.83	3.27	0.34	0.00
1	4	4	18	8.13	7.64	0.37	0.12	0.00
1	21	21	32	11.76	10.87	0.64	0.24	0.00
2	8	8	20	9.10	8.29	0.64	0.18	0.00
2	8	8	20	9.15	8.34	0.63	0.18	0.00
1	21	21	32	12.61	11.72	0.64	0.25	0.00
2	8	8	20	8.93	8.11	0.64	0.18	0.00
1	2	2	12	4.85	4.50	0.25	0.10	0.00
1	12	12	20	6.09	5.48	0.43	0.18	0.00
2	8	8	20	10.43	9.60	0.65	0.19	0.00
2	8	8	20	10.55	9.71	0.65	0.19	0.00
3	8	8	40	12.43	10.82	1.34	0.27	0.00
4	25	25	72	44.02	41.82	1.72	0.48	0.00
2	8	8	20	8.07	7.26	0.63	0.18	0.00
1	45	45	64	43.22	41.36	1.37	0.48	0.00
1	12	12	20	5.34	4.74	0.42	0.18	0.00
1	12	12	20	5.57	4.96	0.43	0.18	0.00
2	8	8	20	6.49	5.66	0.64	0.18	0.00
2	8	8	20	8.84	8.02	0.64	0.18	0.00
1	4	4	18	7.05	6.56	0.37	0.11	0.00
1	12	12	20	5.63	5.02	0.42	0.18	0.00
2	14	14	32	15.80	14.55	1.00	0.24	0.00
2	8	8	20	6.85	6.04	0.63	0.18	0.00
2	14	14	32	12.47	11.22	1.00	0.25	0.00
2	8	8	20	7.31	6.48	0.64	0.18	0.00
1	2	2	12	5.56	5.22	0.25	0.10	0.00
1	21	21	32	13.57	12.70	0.63	0.25	0.00
2	8	8	20	8.76	7.96	0.62	0.18	0.00
2	8	8	20	8.23	7.43	0.63	0.17	0.00
1	45	45	128	42.29	39.01	2.78	0.50	0.00
1	18	18	56	74.27	72.99	1.07	0.21	0.00
1	9	9	32	21.51	20.78	0.59	0.15	0.00
1	9	9	32	26.40	25.64	0.61	0.15	0.00
1	15	15	48	72.56	71.41	0.94	0.21	0.00
1	12	12	40	43.79	42.88	0.73	0.17	0.00
1	12	12	40	48.38	47.42	0.79	0.18	0.00
1	18	18	56	81.23	79.96	1.05	0.21	0.00
1	15	15	48	75.80	74.66	0.93	0.20	0.00
1	21	21	64	88.67	87.21	1.22	0.24	0.00
1	15	15	48	64.43	63.34	0.90	0.20	0.00
1	9	9	32	24.91	24.19	0.58	0.14	0.00
1	36	36	104	80.49	77.94	2.16	0.39	0.00
1	18	18	56	83.07	81.85	1.02	0.21	0.00
1	12	12	40	48.06	47.12	0.77	0.17	0.00
1	18	18	56	72.24	70.94	1.08	0.22	0.00
1	15	15	48	66.83	65.78	0.87	0.19	0.00
1	15	15	48	64.17	63.11	0.87	0.19	0.00
1	15	15	48	67.76	66.62	0.94	0.19	0.00
1	18	18	56	71.10	69.83	1.05	0.22	0.00
1	15	15	48	70.99	69.92	0.88	0.19	0.00
1	15	15	48	54.93	53.81	0.92	0.19	0.00
1	15	15	48	61.91	60.83	0.88	0.19	0.00
1	9	9	32	23.72	23.00	0.57	0.15	0.00
1	21	21	64	76.37	74.91	1.23	0.24	0.00
1	15	15	48	67.81	66.69	0.92	0.20	0.00
1	12	12	40	48.32	47.39	0.76	0.17	0.00
1	15	15	48	68.49	67.37	0.93	0.20	0.00
1	9	9	32	24.32	23.59	0.58	0.15	0.00
1	15	15	48	65.39	64.27	0.93	0.20	0.00
1	9	9	32	24.75	24.01	0.59	0.15	0.00
1	15	15	48	72.81	71.73	0.89	0.19	0.00
1	15	15	48	70.58	69.48	0.90	0.19	0.00
1	18	18	56	82.35	81.00	1.13	0.23	0.00
1	33	33	96	108.24	105.95	1.93	0.37	0.00
1	9	9	32	24.32	23.61	0.57	0.14	0.00
1	12	12	40	49.08	48.12	0.78	0.18	0.00
1	15	15	48	69.20	68.05	0.96	0.20	0.00
1	12	12	40	48.01	47.06	0.77	0.18	0.00
1	12	12	40	50.30	49.34	0.79	0.18	0.00
1	15	15	48	67.51	66.37	0.95	0.20	0.00
1	12	12	40	50.40	49.46	0.77	0.18	0.00
1	15	15	48	69.78	68.61	0.96	0.21	0.00
1	12	12	40	49.75	48.78	0.79	0.18	0.00
1	15	15	48	68.58	67.49	0.91	0.19	0.00
1	18	18	56	73.47	72.15	1.09	0.23	0.00
1	27	27	80	88.10	86.19	1.61	0.31	0.00
1	21	21	64	78.28	76.80	1.24	0.25	0.00
1	18	18	56	72.81	71.50	1.09	0.22	0.00
1	36	36	104	97.51	94.85	2.27	0.40	0.00
2	46	46	154	28.39	22.87	4.91	0.60	0.00
1	18	18	56	81.68	80.33	1.12	0.22	0.00
1	18	18	56	73.25	71.93	1.11	0.22	0.00
1	15	15	48	68.68	67.54	0.94	0.20	0.00
1	12	12	40	52.15	51.23	0.75	0.17	0.00
1	12	12	40	47.14	46.21	0.75	0.17	0.00
1	21	21	64	78.84	77.45	1.17	0.22	0.00
1	15	15	48	73.04	71.91	0.93	0.20	0.00
1	2	2	12	4.63	4.29	0.25	0.10	0.00
1	10	10	36	8.07	7.15	0.75	0.17	0.00
1	12	12	40	49.43	48.48	0.78	0.17	0.00
2	8	8	20	7.13	6.30	0.65	0.18	0.00
1	15	15	48	55.67	54.54	0.94	0.20	0.00
1	18	18	56	84.57	83.24	1.10	0.23	0.00
1	18	18	56	74.52	73.29	1.02	0.21	0.00
1	15	15	48	51.38	50.27	0.92	0.19	0.00
1	21	21	64	81.87	80.43	1.20	0.23	0.00
1	15	15	48	70.85	69.80	0.87	0.18	0.00
1	15	15	48	69.07	67.96	0.91	0.20	0.00
1	9	9	32	19.70	18.98	0.58	0.14	0.00
1	15	15	48	64.11	63.02	0.90	0.19	0.00
1	15	15	48	66.18	65.07	0.91	0.19	0.00
1	18	18	56	70.52	69.28	1.03	0.21	0.00
1	0	0	1	11.72	11.57	0.15	0.00	0.00
1	12	12	40	48.28	47.34	0.77	0.17	0.00
1	18	18	56	80.10	78.87	1.03	0.20	0.00
1	0	0	1	7.86	7.73	0.13	0.00	0.00
1	15	15	48	64.73	63.65	0.88	0.19	0.00
1	24	24	72	93.13	91.46	1.40	0.27	0.00
1	9	9	32	23.95	23.22	0.58	0.15	0.00
1	15	15	48	67.75	66.68	0.88	0.19	0.00
2	8	8	20	8.26	7.50	0.59	0.17	0.00
1	15	15	48	56.59	55.53	0.88	0.19	0.00
1	18	18	56	72.77	71.50	1.05	0.21	0.00
1	2	2	12	4.22	3.89	0.24	0.09	0.00
1	21	21	32	9.76	8.90	0.63	0.23	0.00
1	2	2	12	4.90	4.57	0.23	0.09	0.00
1	12	12	40	47.35	46.44	0.75	0.16	0.00
3	14	14	70	23.48	20.88	2.28	0.32	0.00
1	36	36	104	32.78	30.12	2.24	0.42	0.00
1	2	2	6	4.33	4.10	0.14	0.09	0.00
2	8	8	20	7.77	6.95	0.64	0.18	0.00
2	8	8	20	8.06	7.25	0.64	0.17	0.00
2	8	8	20	8.75	7.95	0.63	0.18	0.00
2	8	8	20	8.08	7.28	0.62	0.17	0.00
1	4	4	9	3.59	3.28	0.21	0.10	0.00
2	8	8	20	8.45	7.65	0.63	0.17	0.00
1	4	4	9	3.43	3.12	0.21	0.10	0.00
1	4	4	9	4.22	3.90	0.21	0.10	0.00
1	4	4	9	4.07	3.76	0.21	0.10	0.00
2	8	8	20	9.62	8.80	0.63	0.18	0.00
2	8	8	20	8.88	8.06	0.63	0.18	0.00
2	8	8	20	8.48	7.68	0.63	0.18	0.00
2	8	8	20	8.39	7.58	0.64	0.18	0.00
2	8	8	20	8.39	7.58	0.64	0.18	0.00
1	10	10	36	9.03	8.12	0.75	0.16	0.00
1	3	3	16	9.13	8.72	0.31	0.11	0.00
2	8	8	20	8.68	7.87	0.63	0.18	0.00
1	12	12	20	5.59	5.00	0.41	0.17	0.00
2	14	14	32	16.00	14.76	0.99	0.25	0.00
1	2	2	12	5.14	4.80	0.24	0.10	0.00
2	14	14	32	15.47	14.25	0.98	0.24	0.00
1	21	21	32	8.64	7.77	0.63	0.25	0.00
2	24	24	67	25.92	23.37	2.11	0.44	0.00
2	8	8	20	9.26	8.49	0.61	0.17	0.00
2	8	8	20	6.36	5.59	0.60	0.17	0.00
1	12	12	20	5.92	5.35	0.41	0.16	0.00
1	2	2	12	5.16	4.81	0.25	0.10	0.00
1	15	15	28	15.94	14.89	0.79	0.26	0.00
1	2	2	12	5.38	5.03	0.25	0.10	0.00
1	2	2	12	5.12	4.77	0.25	0.10	0.00
1	12	12	20	5.45	4.85	0.42	0.18	0.00
2	14	14	32	12.66	11.40	1.01	0.25	0.00
1	2	2	12	7.35	6.99	0.25	0.11	0.00
2	14	14	32	15.49	14.23	1.01	0.26	0.00
1	9	9	32	8.25	7.47	0.62	0.16	0.00
2	8	8	20	10.37	9.56	0.63	0.17	0.00
