NumberStatement	NumberMCI	NumberRRI	MCISolvingRoundAverage	TotalTimeAverage	MCILabelsTimeAverage	MCIOperationsTimeAverage	RRIOperationsTimeAverage	RRIILPSolvingTimeAverage
2	4	4	15	22.97	19.49	2.95	0.53	0.00
1	1	1	8	9.67	8.73	0.94	0.00	0.00
1	8	8	15	11.26	9.95	1.08	0.23	0.00
2	4	4	15	9.83	8.71	0.94	0.18	0.00
1	5	5	24	15.72	14.37	1.22	0.13	0.00
2	7	7	24	13.73	12.26	1.29	0.18	0.00
1	1	1	8	7.64	7.11	0.53	0.00	0.00
2	4	4	15	6.66	5.71	0.83	0.13	0.00
3	8	8	57	31.67	29.56	1.93	0.19	0.00
1	2	2	6	6.78	6.37	0.35	0.07	0.00
2	4	4	15	5.34	4.63	0.61	0.09	0.00
1	14	14	24	9.25	8.30	0.84	0.12	0.00
1	8	8	15	4.89	4.30	0.51	0.08	0.00
1	32	32	102	55.03	52.04	2.76	0.23	0.00
1	160	160	306	78.30	70.27	7.39	0.64	0.00
1	30	30	96	57.18	54.69	2.33	0.16	0.00
1	30	30	96	56.72	54.31	2.24	0.16	0.00
2	4	4	15	3.85	3.35	0.43	0.06	0.00
2	4	4	15	3.76	3.25	0.44	0.07	0.00
2	4	4	15	4.12	3.62	0.44	0.06	0.00
2	4	4	15	3.64	3.15	0.43	0.06	0.00
1	2	2	12	6.53	6.11	0.37	0.04	0.00
2	4	4	15	3.80	3.29	0.44	0.06	0.00
1	8	8	15	3.97	3.48	0.42	0.06	0.00
1	8	8	15	3.91	3.41	0.44	0.06	0.00
3	7	7	53	11.82	10.31	1.41	0.10	0.00
1	1	1	8	2.50	2.28	0.22	0.00	0.00
2	3	3	18	4.47	3.93	0.49	0.05	0.00
2	4	4	15	4.53	4.06	0.41	0.06	0.00
1	8	8	15	4.21	3.67	0.47	0.07	0.00
2	5	5	24	7.39	6.72	0.62	0.05	0.00
2	4	4	15	4.09	3.55	0.47	0.06	0.00
2	4	4	15	4.16	3.64	0.46	0.06	0.00
2	4	4	15	4.23	3.72	0.45	0.06	0.00
1	14	14	24	8.95	8.11	0.75	0.10	0.00
1	8	8	15	5.68	5.08	0.53	0.07	0.00
1	8	8	15	4.13	3.62	0.44	0.06	0.00
3	7	7	46	8.81	7.52	1.20	0.09	0.00
2	7	7	24	7.52	6.82	0.62	0.08	0.00
1	8	8	15	3.99	3.51	0.42	0.06	0.00
1	8	8	15	4.31	3.78	0.46	0.07	0.00
2	6	6	24	8.56	7.90	0.61	0.05	0.00
2	6	6	24	8.28	7.61	0.62	0.06	0.00
1	8	8	15	4.40	3.87	0.46	0.07	0.00
2	6	6	24	8.48	7.80	0.63	0.05	0.00
2	6	6	24	10.12	9.40	0.67	0.05	0.00
2	6	6	24	9.28	8.61	0.61	0.05	0.00
2	6	6	24	8.76	8.09	0.62	0.05	0.00
2	6	6	24	8.60	7.93	0.63	0.05	0.00
2	6	6	24	10.89	10.07	0.75	0.07	0.00
2	6	6	24	8.70	8.00	0.65	0.05	0.00
2	6	6	24	7.98	7.32	0.61	0.05	0.00
2	6	6	24	8.04	7.39	0.60	0.05	0.00
2	6	6	24	8.69	8.01	0.63	0.05	0.00
2	6	6	24	7.67	6.99	0.62	0.05	0.00
2	6	6	24	8.71	8.05	0.61	0.05	0.00
1	8	8	15	3.42	2.97	0.40	0.05	0.00
1	8	8	15	3.89	3.43	0.41	0.05	0.00
1	8	8	15	4.46	3.93	0.47	0.06	0.00
1	8	8	15	4.10	3.56	0.48	0.06	0.00
2	4	4	15	4.29	3.76	0.48	0.05	0.00
3	7	7	53	10.52	9.18	1.26	0.08	0.00
2	4	4	15	3.46	3.04	0.38	0.04	0.00
1	1	1	8	2.16	1.95	0.21	0.00	0.00
2	7	7	24	8.53	7.79	0.67	0.07	0.00
2	7	7	24	9.29	8.50	0.71	0.08	0.00
2	7	7	24	7.69	7.03	0.59	0.06	0.00
1	1	1	8	2.67	2.47	0.21	0.00	0.00
1	1	1	8	2.58	2.38	0.20	0.00	0.00
1	1	1	8	2.73	2.53	0.21	0.00	0.00
2	7	7	24	8.54	7.87	0.61	0.06	0.00
2	7	7	24	8.34	7.65	0.62	0.07	0.00
2	7	7	24	8.07	7.43	0.59	0.06	0.00
2	7	7	24	8.21	7.53	0.62	0.07	0.00
2	7	7	24	7.99	7.33	0.60	0.06	0.00
2	7	7	24	8.28	7.59	0.62	0.07	0.00
2	7	7	24	7.73	7.06	0.60	0.06	0.00
2	7	7	24	7.86	7.21	0.59	0.06	0.00
2	10	10	36	13.68	12.59	1.00	0.09	0.00
1	1	1	12	5.97	5.57	0.40	0.00	0.00
2	4	4	15	5.13	4.64	0.44	0.05	0.00
2	7	7	24	8.16	7.49	0.61	0.06	0.00
2	4	4	15	4.25	3.81	0.40	0.05	0.00
2	7	7	24	8.15	7.48	0.61	0.07	0.00
1	1	1	8	2.57	2.37	0.20	0.00	0.00
2	7	7	24	8.15	7.48	0.61	0.06	0.00
2	7	7	24	8.45	7.76	0.62	0.07	0.00
3	7	7	54	12.80	11.42	1.30	0.08	0.00
2	7	7	24	8.05	7.39	0.60	0.06	0.00
2	7	7	24	8.30	7.62	0.61	0.07	0.00
1	1	1	8	2.47	2.26	0.20	0.00	0.00
1	8	8	15	3.51	3.06	0.40	0.05	0.00
2	4	4	15	3.40	2.96	0.40	0.05	0.00
2	7	7	24	7.99	7.27	0.65	0.07	0.00
2	4	4	15	4.76	4.23	0.48	0.06	0.00
1	14	14	24	8.39	7.60	0.71	0.08	0.00
1	8	8	15	3.67	3.22	0.40	0.05	0.00
3	10	10	73	12.21	10.45	1.67	0.10	0.00
2	7	7	24	8.19	7.54	0.59	0.06	0.00
2	7	7	24	8.06	7.39	0.61	0.06	0.00
2	7	7	24	7.86	7.21	0.60	0.06	0.00
2	7	7	24	7.97	7.30	0.61	0.06	0.00
2	7	7	24	7.89	7.25	0.58	0.06	0.00
2	7	7	24	7.59	6.92	0.61	0.06	0.00
2	7	7	24	7.77	7.11	0.59	0.07	0.00
1	1	1	8	2.33	2.12	0.20	0.00	0.00
2	7	7	24	7.48	6.81	0.60	0.07	0.00
2	7	7	24	7.63	6.97	0.60	0.06	0.00
2	7	7	24	7.84	7.18	0.60	0.06	0.00
2	7	7	24	7.59	6.91	0.61	0.06	0.00
2	7	7	24	7.56	6.90	0.60	0.06	0.00
2	7	7	24	7.88	7.24	0.58	0.06	0.00
2	7	7	24	8.16	7.49	0.61	0.06	0.00
2	7	7	24	8.39	7.72	0.61	0.06	0.00
2	7	7	24	7.91	7.24	0.61	0.06	0.00
2	7	7	24	8.39	7.70	0.63	0.06	0.00
1	8	8	15	4.70	4.20	0.45	0.05	0.00
2	4	4	15	3.28	2.84	0.39	0.04	0.00
1	1	1	8	2.06	1.85	0.20	0.00	0.00
1	12	12	21	6.13	5.53	0.54	0.06	0.00
2	7	7	24	7.77	7.07	0.64	0.07	0.00
2	4	4	15	3.59	3.13	0.41	0.05	0.00
2	4	4	15	3.91	3.44	0.42	0.05	0.00
3	7	7	60	20.16	18.71	1.38	0.07	0.00
1	10	10	36	57.68	56.73	0.90	0.06	0.00
1	14	14	24	7.27	6.58	0.62	0.07	0.00
1	8	8	15	3.61	3.16	0.40	0.05	0.00
2	4	4	15	9.57	9.13	0.39	0.05	0.00
3	18	18	151	22.97	19.62	3.22	0.14	0.00
1	2	2	12	4.05	3.70	0.32	0.03	0.00
1	2	2	12	4.30	3.94	0.32	0.03	0.00
1	8	8	15	4.05	3.61	0.39	0.05	0.00
1	8	8	15	3.61	3.16	0.40	0.05	0.00
1	1	1	8	2.09	1.88	0.20	0.00	0.00
2	4	4	15	3.71	3.28	0.39	0.05	0.00
2	4	4	15	3.67	3.24	0.39	0.04	0.00
2	7	7	24	12.38	11.71	0.60	0.06	0.00
2	4	4	15	3.40	2.96	0.39	0.04	0.00
3	8	8	59	23.14	21.63	1.42	0.09	0.00
3	8	8	60	23.69	22.13	1.46	0.10	0.00
1	8	8	15	3.66	3.20	0.41	0.05	0.00
1	8	8	15	3.33	2.90	0.39	0.05	0.00
2	6	6	38	50.58	49.50	0.99	0.08	0.00
1	8	8	15	3.65	3.20	0.41	0.05	0.00
2	4	4	15	3.79	3.27	0.46	0.06	0.00
1	8	8	15	4.20	3.69	0.46	0.06	0.00
2	4	4	15	3.61	3.16	0.40	0.05	0.00
2	4	4	15	3.39	2.95	0.39	0.04	0.00
2	4	4	15	3.36	2.92	0.39	0.04	0.00
2	4	4	15	3.76	3.26	0.45	0.05	0.00
2	4	4	15	3.29	2.86	0.39	0.05	0.00
2	4	4	15	3.44	3.00	0.39	0.04	0.00
3	20	20	211	8121.90	8106.24	13.48	2.17	0.00
2	4	4	15	3.49	3.06	0.39	0.04	0.00
1	8	8	15	3.43	2.98	0.40	0.05	0.00
2	4	4	15	3.82	3.37	0.40	0.05	0.00
2	4	4	15	4.02	3.49	0.48	0.05	0.00
2	4	4	15	3.25	2.81	0.40	0.05	0.00
2	4	4	15	3.31	2.87	0.40	0.05	0.00
1	8	8	15	4.14	3.61	0.47	0.06	0.00
2	4	4	15	3.42	2.97	0.40	0.05	0.00
2	4	4	15	3.35	2.91	0.39	0.04	0.00
2	4	4	15	3.85	3.33	0.47	0.05	0.00
2	4	4	15	3.37	2.93	0.39	0.04	0.00
2	4	4	15	3.32	2.88	0.39	0.04	0.00
2	4	4	15	3.35	2.91	0.39	0.04	0.00
2	4	4	15	3.99	3.47	0.46	0.05	0.00
2	4	4	15	3.36	2.93	0.38	0.04	0.00
2	4	4	15	3.40	2.95	0.40	0.05	0.00
2	4	4	15	3.35	2.92	0.39	0.05	0.00
2	4	4	15	4.11	3.62	0.44	0.05	0.00
1	8	8	15	3.44	2.99	0.40	0.05	0.00
2	4	4	15	3.24	2.81	0.38	0.04	0.00
1	2	2	12	3.97	3.63	0.32	0.03	0.00
2	4	4	15	3.64	3.20	0.40	0.05	0.00
5	8	8	105	24.90	22.16	2.61	0.14	0.00
1	8	8	15	3.63	3.18	0.40	0.05	0.00
3	9	9	41	9.26	8.19	0.98	0.08	0.00
4	9	9	40	13.73	12.46	1.17	0.10	0.00
2	7	7	24	8.16	7.52	0.58	0.06	0.00
2	4	4	15	3.97	3.54	0.39	0.04	0.00
2	4	4	15	3.84	3.40	0.40	0.05	0.00
4	6	6	28	7.50	6.61	0.81	0.08	0.00
2	4	4	15	3.63	3.18	0.40	0.05	0.00
1	6	6	24	6.00	5.37	0.60	0.04	0.00
2	4	4	15	3.54	3.11	0.39	0.04	0.00
2	4	4	15	3.61	3.16	0.40	0.04	0.00
3	36	36	110	56.58	53.72	2.62	0.23	0.00
3	12	12	50	34.77	33.44	1.22	0.10	0.00
2	30	30	121	55.90	53.00	2.75	0.16	0.00
2	4	4	15	4.14	3.71	0.39	0.04	0.00
1	14	14	24	7.88	7.21	0.61	0.07	0.00
1	14	14	24	7.09	6.40	0.62	0.07	0.00
1	14	14	24	9.41	8.72	0.62	0.07	0.00
1	14	14	24	9.52	8.84	0.61	0.07	0.00
1	14	14	24	10.39	9.71	0.61	0.07	0.00
1	14	14	24	9.51	8.83	0.61	0.07	0.00
1	14	14	24	9.12	8.44	0.61	0.07	0.00
1	14	14	24	10.74	10.05	0.61	0.07	0.00
1	8	8	15	3.36	2.90	0.41	0.05	0.00
1	8	8	15	3.29	2.83	0.41	0.05	0.00
4	1	1	56	61.46	60.04	1.42	0.00	0.00
2	4	4	15	4.94	4.32	0.56	0.06	0.00
2	4	4	15	4.71	4.15	0.50	0.06	0.00
3	3	3	31	11.25	10.39	0.81	0.05	0.00
2	4	4	15	3.96	3.52	0.39	0.05	0.00
2	7	7	24	7.95	7.28	0.60	0.06	0.00
1	12	12	21	6.71	6.09	0.55	0.07	0.00
2	4	4	15	3.61	3.17	0.39	0.05	0.00
1	14	14	24	7.52	6.85	0.60	0.07	0.00
2	4	4	15	4.12	3.67	0.40	0.05	0.00
2	4	4	15	3.83	3.40	0.39	0.04	0.00
2	30	30	91	53.65	51.37	2.12	0.16	0.00
2	4	4	15	4.05	3.58	0.42	0.05	0.00
2	4	4	15	3.71	3.26	0.40	0.05	0.00
2	4	4	15	3.77	3.33	0.39	0.04	0.00
1	10	10	36	56.55	55.60	0.90	0.06	0.00
1	1	1	8	2.66	2.45	0.21	0.00	0.00
2	4	4	15	4.36	3.86	0.45	0.05	0.00
2	4	4	15	3.47	3.02	0.40	0.05	0.00
1	8	8	15	3.30	2.85	0.40	0.05	0.00
6	19	19	342	88.22	77.84	10.13	0.25	0.00
1	12	12	42	8.89	7.76	1.05	0.08	0.00
1	14	14	24	7.19	6.51	0.60	0.07	0.00
1	1	1	8	2.25	2.06	0.19	0.00	0.00
2	4	4	15	3.46	3.03	0.39	0.04	0.00
2	4	4	15	3.58	3.14	0.39	0.04	0.00
2	4	4	15	3.88	3.45	0.39	0.05	0.00
2	4	4	15	3.67	3.22	0.40	0.05	0.00
2	4	4	15	3.49	3.05	0.40	0.04	0.00
2	4	4	15	3.48	3.05	0.38	0.05	0.00
1	5	5	24	7.42	6.77	0.62	0.04	0.00
1	8	8	15	3.88	3.43	0.40	0.05	0.00
1	8	8	15	3.61	3.16	0.40	0.05	0.00
1	24	24	78	34.53	32.63	1.79	0.11	0.00
1	30	30	96	55.10	52.80	2.16	0.13	0.00
3	32	32	102	49.92	47.32	2.40	0.19	0.00
2	4	4	15	3.36	2.92	0.39	0.04	0.00
2	4	4	15	3.33	2.90	0.39	0.04	0.00
2	12	12	39	8.19	7.12	0.98	0.09	0.00
1	5	5	24	8.79	8.13	0.62	0.04	0.00
1	8	8	15	3.45	3.00	0.40	0.05	0.00
2	4	4	15	3.96	3.52	0.39	0.04	0.00
2	4	4	15	3.64	3.19	0.40	0.05	0.00
1	8	8	15	3.50	3.05	0.40	0.05	0.00
1	14	14	24	7.47	6.76	0.63	0.07	0.00
3	7	7	60	10.98	9.50	1.41	0.07	0.00
2	4	4	15	4.49	3.99	0.45	0.05	0.00
1	0	0	1	7.90	7.83	0.07	0.00	0.00
1	1	1	8	10.58	10.37	0.21	0.00	0.00
2	4	4	15	12.20	11.74	0.40	0.06	0.00
2	2	2	45	6.04	4.82	1.17	0.05	0.00
1	3	3	19	6.35	5.79	0.52	0.04	0.00
2	7	7	24	7.28	6.63	0.59	0.06	0.00
3	7	7	36	9.47	8.41	0.97	0.09	0.00
4	9	9	49	14.52	13.10	1.31	0.11	0.00
2	4	4	15	3.69	3.23	0.41	0.05	0.00
2	4	4	15	3.62	3.16	0.41	0.05	0.00
2	4	4	15	4.53	4.02	0.46	0.06	0.00
1	6	6	24	6.69	6.03	0.62	0.05	0.00
1	6	6	24	7.22	6.56	0.61	0.05	0.00
2	4	4	15	3.96	3.44	0.46	0.06	0.00
2	7	7	24	7.60	6.91	0.62	0.07	0.00
1	6	6	24	6.15	5.49	0.62	0.05	0.00
2	4	4	15	3.63	3.19	0.39	0.05	0.00
1	14	14	24	7.26	6.56	0.62	0.08	0.00
8	8	8	30	16.40	15.46	0.83	0.12	0.00
2	4	4	15	4.39	3.85	0.49	0.06	0.00
1	8	8	15	4.67	4.20	0.41	0.05	0.00
2	4	4	15	3.66	3.21	0.40	0.05	0.00
2	4	4	15	3.30	2.87	0.39	0.05	0.00
2	7	7	24	7.72	7.05	0.61	0.07	0.00
1	8	8	15	5.09	4.63	0.41	0.05	0.00
2	7	7	24	8.44	7.77	0.60	0.07	0.00
1	5	5	24	7.09	6.44	0.61	0.05	0.00
2	4	4	15	4.03	3.58	0.40	0.05	0.00
1	14	14	24	7.10	6.41	0.61	0.08	0.00
4	7	7	72	13.54	11.82	1.63	0.09	0.00
2	7	7	24	7.00	6.33	0.60	0.07	0.00
2	4	4	15	3.82	3.39	0.39	0.05	0.00
2	7	7	24	7.58	6.90	0.61	0.07	0.00
2	7	7	24	7.64	6.97	0.61	0.07	0.00
1	8	8	15	3.84	3.38	0.40	0.05	0.00
2	4	4	15	3.85	3.41	0.39	0.05	0.00
1	1	1	8	2.46	2.27	0.19	0.00	0.00
2	4	4	15	5.05	4.61	0.39	0.05	0.00
1	4	4	36	10.41	9.34	1.02	0.05	0.00
2	4	4	15	3.70	3.26	0.40	0.05	0.00
1	1	1	4	2.16	2.04	0.12	0.00	0.00
1	12	12	42	66.86	65.75	1.03	0.08	0.00
3	7	7	62	10.26	8.79	1.40	0.07	0.00
3	7	7	45	10.98	9.82	1.08	0.08	0.00
2	7	7	24	7.80	7.14	0.59	0.07	0.00
3	8	8	58	22.98	21.48	1.40	0.09	0.00
2	4	4	15	3.72	3.20	0.47	0.06	0.00
2	4	4	15	3.35	2.89	0.41	0.05	0.00
2	4	4	15	3.85	3.32	0.46	0.06	0.00
2	4	4	15	3.82	3.31	0.46	0.06	0.00
1	8	8	15	4.09	3.58	0.45	0.06	0.00
2	4	4	15	5.04	4.52	0.46	0.06	0.00
2	4	4	15	3.56	3.11	0.40	0.05	0.00
1	6	6	12	3.68	3.31	0.33	0.04	0.00
1	3	3	16	5.86	5.40	0.42	0.03	0.00
1	1	1	8	2.63	2.43	0.20	0.00	0.00
2	4	4	15	3.59	3.15	0.40	0.05	0.00
2	4	4	15	4.36	3.91	0.40	0.05	0.00
2	15	15	47	12.54	11.18	1.26	0.10	0.00
1	2	2	12	4.39	4.04	0.32	0.03	0.00
1	2	2	6	2.03	1.82	0.19	0.02	0.00
1	1	1	4	1.58	1.45	0.12	0.00	0.00
1	8	8	15	3.57	3.12	0.40	0.05	0.00
2	4	4	15	3.75	3.33	0.38	0.04	0.00
1	1	1	8	2.06	1.87	0.19	0.00	0.00
1	8	8	15	3.68	3.22	0.40	0.05	0.00
2	4	4	15	3.49	3.04	0.40	0.04	0.00
2	4	4	15	3.47	3.02	0.40	0.05	0.00
2	4	4	15	3.28	2.84	0.39	0.04	0.00
2	1	1	8	2.73	2.52	0.21	0.00	0.00
1	8	8	15	3.67	3.21	0.41	0.05	0.00
1	8	8	15	3.47	3.03	0.40	0.05	0.00
2	7	7	24	7.90	7.18	0.65	0.06	0.00
1	28	28	90	42.24	40.08	2.03	0.12	0.00
1	10	10	36	8.76	7.80	0.90	0.06	0.00
2	6	6	36	52.16	51.13	0.95	0.08	0.00
1	0	0	1	15.81	15.73	0.08	0.00	0.00
2	7	7	24	8.97	8.13	0.77	0.07	0.00
2	12	12	24	7.90	7.17	0.65	0.07	0.00
2	4	4	15	3.61	3.16	0.40	0.05	0.00
4	8	8	63	16.91	15.19	1.62	0.10	0.00
2	4	4	15	3.85	3.41	0.39	0.05	0.00
2	4	4	15	4.65	4.15	0.45	0.05	0.00
2	7	7	24	8.82	8.16	0.60	0.06	0.00
3	4	4	59	16.68	15.28	1.34	0.06	0.00
1	8	8	30	33.63	32.81	0.77	0.05	0.00
2	14	14	41	9.20	8.07	1.04	0.09	0.00
2	4	4	15	3.24	2.80	0.39	0.05	0.00
1	14	14	24	7.16	6.47	0.62	0.07	0.00
2	7	7	24	7.26	6.60	0.60	0.06	0.00
1	6	6	28	7.05	6.25	0.75	0.05	0.00
2	7	7	24	7.78	7.09	0.62	0.06	0.00
1	8	8	15	3.40	2.96	0.40	0.05	0.00
1	80	80	189	10.54	5.15	5.09	0.31	0.00
1	1	1	8	2.42	2.21	0.21	0.00	0.00
2	7	7	24	7.66	7.00	0.60	0.06	0.00
2	4	4	15	4.36	3.91	0.40	0.04	0.00
2	4	4	15	3.84	3.40	0.40	0.04	0.00
3	23	23	149	46.87	43.68	3.05	0.13	0.00
3	22	22	54	32.39	30.70	1.53	0.16	0.00
1	14	14	24	10.20	9.36	0.75	0.09	0.00
1	5	5	24	7.17	6.50	0.63	0.04	0.00
2	9	9	63	4.37	2.74	1.55	0.08	0.00
1	2	2	12	5.30	4.94	0.33	0.03	0.00
1	14	14	24	7.82	7.10	0.64	0.07	0.00
2	4	4	15	4.94	4.41	0.48	0.06	0.00
2	4	4	15	5.80	5.27	0.47	0.06	0.00
1	14	14	24	9.29	8.56	0.66	0.07	0.00
2	4	4	15	4.54	4.10	0.40	0.05	0.00
1	1	1	8	2.23	2.04	0.19	0.00	0.00
1	8	8	15	4.41	3.89	0.47	0.05	0.00
2	4	4	15	5.25	4.71	0.48	0.06	0.00
2	4	4	15	5.52	4.98	0.48	0.06	0.00
3	4	4	30	5.95	4.94	0.91	0.10	0.00
4	20	20	60	29.38	27.68	1.56	0.14	0.00
2	4	4	15	3.32	2.88	0.40	0.05	0.00
1	30	30	48	51.06	49.73	1.20	0.13	0.00
1	8	8	15	3.47	3.01	0.41	0.05	0.00
1	8	8	15	3.46	3.00	0.41	0.05	0.00
2	4	4	15	3.47	3.03	0.40	0.05	0.00
2	4	4	15	4.24	3.80	0.40	0.04	0.00
1	2	2	12	3.96	3.60	0.33	0.03	0.00
1	8	8	15	3.57	3.12	0.41	0.05	0.00
2	7	7	24	7.52	6.84	0.62	0.06	0.00
2	4	4	15	3.58	3.14	0.40	0.05	0.00
2	7	7	24	7.89	7.21	0.62	0.06	0.00
2	4	4	15	3.77	3.33	0.40	0.05	0.00
1	1	1	8	2.29	2.10	0.19	0.00	0.00
1	14	14	24	9.04	8.35	0.62	0.07	0.00
2	4	4	15	4.53	4.08	0.40	0.04	0.00
2	4	4	15	3.43	2.99	0.40	0.05	0.00
1	30	30	96	54.92	52.64	2.15	0.13	0.00
1	12	12	42	73.75	72.64	1.04	0.08	0.00
1	6	6	24	12.93	12.28	0.61	0.04	0.00
1	6	6	24	12.05	11.39	0.62	0.04	0.00
1	10	10	36	57.06	56.11	0.90	0.06	0.00
1	8	8	30	44.51	43.70	0.76	0.05	0.00
1	8	8	30	32.01	31.19	0.77	0.05	0.00
1	12	12	42	71.74	70.64	1.03	0.07	0.00
1	10	10	36	57.78	56.83	0.90	0.06	0.00
1	14	14	48	89.35	88.11	1.18	0.06	0.00
1	10	10	36	54.02	53.06	0.90	0.06	0.00
1	6	6	24	11.98	11.33	0.62	0.04	0.00
1	24	24	78	178.47	176.54	1.82	0.11	0.00
1	12	12	42	69.17	68.07	1.03	0.07	0.00
1	8	8	30	31.98	31.16	0.77	0.05	0.00
1	12	12	42	71.07	69.96	1.03	0.08	0.00
1	10	10	36	55.98	55.03	0.90	0.06	0.00
1	10	10	36	53.29	52.34	0.89	0.05	0.00
1	10	10	36	56.26	55.31	0.90	0.05	0.00
1	12	12	42	73.08	71.98	1.03	0.08	0.00
1	10	10	36	60.60	59.65	0.89	0.06	0.00
1	10	10	36	37.60	36.65	0.89	0.06	0.00
1	10	10	36	53.68	52.72	0.90	0.06	0.00
1	6	6	24	11.73	11.08	0.61	0.04	0.00
1	14	14	48	87.16	85.91	1.18	0.07	0.00
1	10	10	36	55.66	54.71	0.89	0.06	0.00
1	8	8	30	30.56	29.74	0.77	0.05	0.00
1	10	10	36	56.51	55.56	0.89	0.06	0.00
1	6	6	24	12.12	11.47	0.61	0.04	0.00
1	10	10	36	55.77	54.80	0.91	0.06	0.00
1	6	6	24	11.99	11.34	0.61	0.04	0.00
1	10	10	36	57.21	56.26	0.90	0.06	0.00
1	10	10	36	57.18	56.23	0.90	0.05	0.00
1	12	12	42	69.66	68.55	1.03	0.08	0.00
1	22	22	72	156.59	154.81	1.69	0.10	0.00
1	6	6	24	11.91	11.25	0.61	0.04	0.00
1	8	8	30	31.33	30.51	0.77	0.05	0.00
1	10	10	36	56.96	56.00	0.90	0.06	0.00
1	8	8	30	31.09	30.27	0.77	0.05	0.00
1	8	8	30	33.03	32.21	0.77	0.05	0.00
1	10	10	36	55.34	54.39	0.89	0.06	0.00
1	8	8	30	32.27	31.46	0.77	0.05	0.00
1	10	10	36	56.92	55.97	0.90	0.06	0.00
1	8	8	30	33.26	32.45	0.77	0.05	0.00
1	10	10	36	55.21	54.25	0.90	0.06	0.00
1	12	12	42	74.75	73.65	1.03	0.07	0.00
1	18	18	60	124.35	122.82	1.44	0.09	0.00
1	14	14	48	89.67	88.44	1.17	0.06	0.00
1	12	12	42	74.66	73.57	1.02	0.07	0.00
1	24	24	78	177.39	175.45	1.83	0.11	0.00
2	24	24	115	43.48	40.85	2.50	0.13	0.00
1	12	12	42	69.82	68.72	1.03	0.07	0.00
1	12	12	42	76.66	75.57	1.02	0.07	0.00
1	10	10	36	57.79	56.83	0.90	0.06	0.00
1	8	8	30	35.23	34.41	0.77	0.05	0.00
1	8	8	30	31.10	30.29	0.76	0.05	0.00
1	14	14	48	79.93	78.69	1.17	0.06	0.00
1	10	10	36	57.26	56.30	0.90	0.06	0.00
1	1	1	8	2.57	2.38	0.19	0.00	0.00
1	5	5	24	7.43	6.76	0.62	0.04	0.00
1	8	8	30	35.02	34.21	0.76	0.05	0.00
2	4	4	15	4.13	3.69	0.40	0.05	0.00
1	10	10	36	56.23	55.27	0.90	0.06	0.00
1	12	12	42	70.18	69.09	1.02	0.07	0.00
1	12	12	42	77.88	76.76	1.05	0.07	0.00
1	10	10	36	38.35	37.40	0.89	0.06	0.00
1	14	14	48	86.11	84.88	1.17	0.06	0.00
1	10	10	36	55.27	54.31	0.90	0.06	0.00
1	10	10	36	59.72	58.77	0.90	0.06	0.00
1	6	6	24	13.18	12.52	0.61	0.04	0.00
1	10	10	36	56.43	55.48	0.89	0.06	0.00
1	10	10	36	56.77	55.82	0.89	0.06	0.00
1	12	12	42	74.09	72.99	1.02	0.07	0.00
1	0	0	1	7.14	7.06	0.07	0.00	0.00
1	8	8	30	34.04	33.23	0.76	0.05	0.00
1	12	12	42	70.59	69.49	1.03	0.07	0.00
1	0	0	1	5.66	5.59	0.07	0.00	0.00
1	10	10	36	56.83	55.88	0.89	0.06	0.00
1	16	16	54	106.93	105.53	1.32	0.08	0.00
1	6	6	24	12.26	11.61	0.61	0.04	0.00
1	10	10	36	57.45	56.49	0.90	0.06	0.00
2	4	4	15	3.78	3.34	0.40	0.04	0.00
1	10	10	36	58.58	57.63	0.90	0.06	0.00
1	12	12	42	76.00	74.91	1.02	0.08	0.00
1	1	1	8	2.38	2.19	0.20	0.00	0.00
1	14	14	24	8.44	7.71	0.66	0.07	0.00
1	1	1	8	2.02	1.82	0.20	0.00	0.00
1	8	8	30	31.90	31.08	0.77	0.05	0.00
3	7	7	52	11.46	10.19	1.19	0.08	0.00
1	24	24	78	33.99	32.09	1.79	0.11	0.00
1	1	1	4	1.58	1.46	0.12	0.00	0.00
2	4	4	15	3.58	3.13	0.40	0.05	0.00
2	4	4	15	3.52	3.07	0.40	0.05	0.00
2	4	4	15	3.76	3.32	0.40	0.05	0.00
2	4	4	15	3.35	2.91	0.40	0.05	0.00
1	2	2	6	2.12	1.91	0.19	0.02	0.00
2	4	4	15	3.29	2.85	0.40	0.05	0.00
1	2	2	6	2.05	1.84	0.19	0.03	0.00
1	2	2	6	2.12	1.91	0.19	0.02	0.00
1	2	2	6	2.20	1.98	0.19	0.02	0.00
2	4	4	15	3.83	3.38	0.40	0.04	0.00
2	4	4	15	3.65	3.20	0.40	0.05	0.00
2	4	4	15	3.45	3.00	0.40	0.05	0.00
2	4	4	15	3.45	3.01	0.40	0.04	0.00
2	4	4	15	3.45	3.01	0.40	0.04	0.00
1	5	5	24	7.67	7.00	0.63	0.04	0.00
1	2	2	12	5.05	4.71	0.32	0.03	0.00
2	4	4	15	3.56	3.12	0.40	0.05	0.00
1	8	8	15	3.58	3.12	0.41	0.05	0.00
2	7	7	24	7.76	7.08	0.61	0.07	0.00
1	1	1	8	2.37	2.17	0.20	0.00	0.00
2	7	7	24	7.44	6.76	0.61	0.06	0.00
1	14	14	24	7.49	6.78	0.63	0.07	0.00
2	16	16	53	17.95	16.31	1.51	0.13	0.00
2	4	4	15	3.59	3.15	0.40	0.05	0.00
2	4	4	15	3.49	3.05	0.40	0.05	0.00
1	8	8	15	4.34	3.82	0.46	0.06	0.00
1	1	1	8	2.28	2.09	0.19	0.00	0.00
1	10	10	21	8.64	7.95	0.62	0.07	0.00
1	1	1	8	2.40	2.20	0.20	0.00	0.00
1	1	1	8	2.29	2.09	0.20	0.00	0.00
1	8	8	15	3.42	2.97	0.40	0.05	0.00
2	7	7	24	7.29	6.62	0.60	0.06	0.00
1	1	1	8	2.76	2.56	0.20	0.00	0.00
2	7	7	24	7.03	6.36	0.61	0.06	0.00
1	6	6	24	5.58	4.90	0.63	0.05	0.00
2	4	4	15	4.88	4.44	0.40	0.05	0.00
