NumberStatement	NumberMCI	NumberRRI	MCISolvingRoundAverage	TotalTimeAverage	MCILabelsTimeAverage	MCIOperationsTimeAverage	RRIOperationsTimeAverage	RRIILPSolvingTimeAverage
2	4	4	15	21.99	18.33	3.12	0.54	0.00
1	1	1	8	9.76	8.85	0.91	0.00	0.00
1	8	8	15	13.03	11.63	1.16	0.24	0.00
2	4	4	15	9.43	8.20	1.05	0.18	0.00
1	5	5	24	13.74	12.08	1.52	0.14	0.00
2	7	7	24	13.64	12.00	1.46	0.17	0.00
1	1	1	8	7.33	6.89	0.44	0.00	0.00
2	4	4	15	6.41	5.47	0.83	0.11	0.00
3	8	8	57	32.41	29.38	2.85	0.18	0.00
1	2	2	6	5.34	5.04	0.24	0.05	0.00
2	4	4	15	4.10	3.48	0.54	0.08	0.00
1	14	14	24	8.55	7.59	0.85	0.11	0.00
1	8	8	15	4.71	4.10	0.52	0.08	0.00
1	32	32	102	56.35	52.16	3.98	0.21	0.00
1	160	160	306	82.42	68.75	13.01	0.66	0.00
1	30	30	96	59.00	54.92	3.89	0.19	0.00
1	30	30	96	59.45	55.80	3.49	0.16	0.00
2	4	4	15	3.81	3.26	0.48	0.07	0.00
2	4	4	15	3.68	3.14	0.48	0.07	0.00
2	4	4	15	4.57	3.98	0.52	0.07	0.00
2	4	4	15	3.66	3.13	0.47	0.06	0.00
1	2	2	12	6.32	5.91	0.37	0.04	0.00
2	4	4	15	3.86	3.28	0.52	0.07	0.00
1	8	8	15	4.17	3.61	0.49	0.07	0.00
1	8	8	15	4.00	3.45	0.49	0.06	0.00
3	7	7	53	12.52	10.21	2.21	0.10	0.00
1	1	1	8	2.41	2.18	0.23	0.00	0.00
2	3	3	18	4.48	3.83	0.60	0.05	0.00
2	4	4	15	4.68	4.17	0.46	0.06	0.00
1	8	8	15	4.26	3.65	0.54	0.07	0.00
2	5	5	24	9.26	8.27	0.93	0.06	0.00
2	4	4	15	4.65	4.02	0.57	0.07	0.00
2	4	4	15	4.76	4.14	0.56	0.07	0.00
2	4	4	15	3.71	3.18	0.47	0.05	0.00
1	14	14	24	7.89	7.03	0.78	0.08	0.00
1	8	8	15	4.35	3.79	0.49	0.06	0.00
1	8	8	15	4.39	3.77	0.54	0.07	0.00
3	7	7	46	8.75	7.09	1.57	0.09	0.00
2	7	7	24	8.92	8.05	0.80	0.07	0.00
1	8	8	15	4.46	3.92	0.47	0.06	0.00
1	8	8	15	3.79	3.29	0.44	0.05	0.00
2	6	6	24	8.38	7.65	0.68	0.05	0.00
2	6	6	24	8.21	7.48	0.68	0.05	0.00
1	8	8	15	3.89	3.41	0.43	0.05	0.00
2	6	6	24	8.48	7.73	0.69	0.05	0.00
2	6	6	24	11.34	10.43	0.85	0.06	0.00
2	6	6	24	10.01	9.22	0.74	0.05	0.00
2	6	6	24	8.92	8.15	0.72	0.05	0.00
2	6	6	24	8.31	7.60	0.68	0.04	0.00
2	6	6	24	8.81	8.08	0.68	0.05	0.00
2	6	6	24	8.27	7.50	0.72	0.05	0.00
2	6	6	24	7.81	7.10	0.67	0.04	0.00
2	6	6	24	8.05	7.35	0.66	0.04	0.00
2	6	6	24	8.62	7.89	0.68	0.04	0.00
2	6	6	24	7.53	6.81	0.67	0.04	0.00
2	6	6	24	9.05	8.28	0.73	0.05	0.00
1	8	8	15	3.33	2.87	0.42	0.04	0.00
1	8	8	15	4.47	3.90	0.51	0.06	0.00
1	8	8	15	5.04	4.47	0.52	0.06	0.00
1	8	8	15	4.61	4.04	0.52	0.06	0.00
2	4	4	15	4.39	3.86	0.47	0.05	0.00
3	7	7	53	11.12	9.20	1.85	0.08	0.00
2	4	4	15	3.46	3.00	0.42	0.04	0.00
1	1	1	8	2.15	1.93	0.21	0.00	0.00
2	7	7	24	7.44	6.70	0.68	0.06	0.00
2	7	7	24	7.54	6.81	0.67	0.06	0.00
2	7	7	24	7.55	6.83	0.66	0.06	0.00
1	1	1	8	2.67	2.46	0.21	0.00	0.00
1	1	1	8	2.60	2.38	0.21	0.00	0.00
1	1	1	8	2.72	2.52	0.21	0.00	0.00
2	7	7	24	8.43	7.69	0.68	0.06	0.00
2	7	7	24	8.27	7.53	0.68	0.06	0.00
2	7	7	24	8.17	7.43	0.68	0.06	0.00
2	7	7	24	7.95	7.20	0.68	0.06	0.00
2	7	7	24	7.92	7.19	0.67	0.06	0.00
2	7	7	24	8.07	7.32	0.69	0.06	0.00
2	7	7	24	7.70	6.96	0.68	0.06	0.00
2	7	7	24	7.76	7.03	0.67	0.06	0.00
2	10	10	36	12.38	11.20	1.11	0.07	0.00
1	1	1	12	4.49	4.16	0.34	0.00	0.00
2	4	4	15	4.36	3.90	0.42	0.04	0.00
2	7	7	24	8.06	7.31	0.69	0.06	0.00
2	4	4	15	4.21	3.74	0.43	0.04	0.00
2	7	7	24	8.26	7.50	0.70	0.06	0.00
1	1	1	8	2.58	2.37	0.21	0.00	0.00
2	7	7	24	7.95	7.21	0.69	0.06	0.00
2	7	7	24	8.13	7.37	0.70	0.06	0.00
3	7	7	54	12.84	10.95	1.82	0.07	0.00
2	7	7	24	8.02	7.30	0.67	0.06	0.00
2	7	7	24	8.29	7.56	0.68	0.06	0.00
1	1	1	8	2.42	2.22	0.20	0.00	0.00
1	8	8	15	3.43	2.96	0.43	0.05	0.00
2	4	4	15	3.28	2.82	0.42	0.04	0.00
2	7	7	24	7.48	6.71	0.71	0.06	0.00
2	4	4	15	3.55	3.09	0.41	0.04	0.00
1	14	14	24	7.04	6.30	0.67	0.07	0.00
1	8	8	15	3.61	3.14	0.43	0.04	0.00
3	10	10	73	13.20	10.60	2.50	0.10	0.00
2	7	7	24	8.70	7.94	0.70	0.06	0.00
2	7	7	24	8.33	7.60	0.68	0.06	0.00
2	7	7	24	7.84	7.13	0.66	0.05	0.00
2	7	7	24	7.93	7.20	0.67	0.06	0.00
2	7	7	24	7.96	7.20	0.70	0.06	0.00
2	7	7	24	7.55	6.81	0.68	0.06	0.00
2	7	7	24	7.95	7.21	0.69	0.05	0.00
1	1	1	8	2.32	2.11	0.21	0.00	0.00
2	7	7	24	7.52	6.78	0.69	0.06	0.00
2	7	7	24	8.18	7.37	0.75	0.06	0.00
2	7	7	24	7.83	7.10	0.67	0.06	0.00
2	7	7	24	7.55	6.81	0.68	0.06	0.00
2	7	7	24	7.82	7.04	0.72	0.06	0.00
2	7	7	24	7.95	7.20	0.69	0.06	0.00
2	7	7	24	8.12	7.39	0.68	0.06	0.00
2	7	7	24	7.89	7.17	0.66	0.05	0.00
2	7	7	24	7.74	7.01	0.67	0.06	0.00
2	7	7	24	8.03	7.31	0.67	0.06	0.00
1	8	8	15	4.13	3.66	0.43	0.05	0.00
2	4	4	15	3.20	2.74	0.41	0.04	0.00
1	1	1	8	2.07	1.86	0.22	0.00	0.00
1	12	12	21	6.13	5.47	0.60	0.06	0.00
2	7	7	24	7.57	6.83	0.68	0.06	0.00
2	4	4	15	4.04	3.48	0.51	0.05	0.00
2	4	4	15	3.49	3.03	0.42	0.04	0.00
3	7	7	60	21.02	19.02	1.93	0.07	0.00
1	10	10	36	58.35	57.19	1.11	0.05	0.00
1	14	14	24	9.24	8.35	0.81	0.07	0.00
1	8	8	15	3.54	3.08	0.42	0.04	0.00
2	4	4	15	9.53	9.07	0.42	0.04	0.00
3	18	18	151	25.06	19.57	5.36	0.13	0.00
1	2	2	12	4.45	4.06	0.36	0.03	0.00
1	2	2	12	4.28	3.92	0.33	0.03	0.00
1	8	8	15	4.01	3.54	0.42	0.04	0.00
1	8	8	15	3.50	3.04	0.42	0.05	0.00
1	1	1	8	2.17	1.96	0.21	0.00	0.00
2	4	4	15	3.64	3.18	0.42	0.04	0.00
2	4	4	15	3.58	3.12	0.42	0.04	0.00
2	7	7	24	12.22	11.48	0.68	0.06	0.00
2	4	4	15	3.31	2.86	0.41	0.04	0.00
3	8	8	59	23.81	21.66	2.06	0.09	0.00
3	8	8	60	23.71	21.54	2.07	0.09	0.00
1	8	8	15	3.53	3.08	0.41	0.04	0.00
1	8	8	15	3.78	3.22	0.51	0.05	0.00
2	6	6	38	54.13	52.79	1.28	0.07	0.00
1	8	8	15	3.56	3.10	0.42	0.04	0.00
2	4	4	15	3.18	2.73	0.41	0.04	0.00
1	8	8	15	3.67	3.21	0.42	0.04	0.00
2	4	4	15	3.52	3.06	0.42	0.04	0.00
2	4	4	15	3.35	2.89	0.42	0.04	0.00
2	4	4	15	3.29	2.83	0.41	0.04	0.00
2	4	4	15	3.23	2.77	0.41	0.04	0.00
2	4	4	15	3.22	2.76	0.42	0.04	0.00
2	4	4	15	3.39	2.93	0.42	0.04	0.00
3	20	20	211	8341.78	8232.29	107.39	2.10	0.00
2	4	4	15	3.47	3.01	0.42	0.04	0.00
1	8	8	15	4.03	3.47	0.51	0.05	0.00
2	4	4	15	3.64	3.18	0.42	0.04	0.00
2	4	4	15	3.15	2.71	0.40	0.04	0.00
2	4	4	15	3.14	2.69	0.41	0.04	0.00
2	4	4	15	3.73	3.16	0.52	0.05	0.00
1	8	8	15	3.58	3.12	0.42	0.04	0.00
2	4	4	15	3.36	2.90	0.41	0.04	0.00
2	4	4	15	3.26	2.81	0.41	0.04	0.00
2	4	4	15	3.25	2.80	0.41	0.04	0.00
2	4	4	15	3.28	2.82	0.41	0.04	0.00
2	4	4	15	3.29	2.84	0.41	0.04	0.00
2	4	4	15	3.28	2.83	0.41	0.04	0.00
2	4	4	15	3.30	2.84	0.42	0.04	0.00
2	4	4	15	3.27	2.83	0.41	0.04	0.00
2	4	4	15	3.74	3.20	0.50	0.05	0.00
2	4	4	15	3.32	2.82	0.46	0.04	0.00
2	4	4	15	4.56	3.99	0.53	0.05	0.00
1	8	8	15	3.78	3.23	0.49	0.05	0.00
2	4	4	15	3.93	3.38	0.50	0.05	0.00
1	2	2	12	4.04	3.68	0.34	0.02	0.00
2	4	4	15	3.57	3.12	0.42	0.04	0.00
5	8	8	105	27.44	22.96	4.34	0.13	0.00
1	8	8	15	3.53	3.06	0.42	0.04	0.00
3	9	9	41	9.37	8.04	1.26	0.07	0.00
4	9	9	40	14.27	12.58	1.60	0.09	0.00
2	7	7	24	8.25	7.52	0.67	0.06	0.00
2	4	4	15	3.86	3.41	0.42	0.04	0.00
2	4	4	15	3.81	3.35	0.42	0.04	0.00
4	6	6	28	7.56	6.52	0.97	0.07	0.00
2	4	4	15	3.50	3.04	0.42	0.04	0.00
1	6	6	24	6.08	5.35	0.69	0.04	0.00
2	4	4	15	3.92	3.38	0.49	0.05	0.00
2	4	4	15	3.55	3.09	0.42	0.04	0.00
3	36	36	110	59.78	55.12	4.42	0.24	0.00
3	12	12	50	34.89	33.18	1.61	0.10	0.00
2	30	30	121	59.15	54.53	4.46	0.16	0.00
2	4	4	15	4.34	3.87	0.43	0.04	0.00
1	14	14	24	8.28	7.54	0.67	0.06	0.00
1	14	14	24	7.15	6.41	0.67	0.07	0.00
1	14	14	24	9.38	8.65	0.66	0.07	0.00
1	14	14	24	9.35	8.62	0.67	0.06	0.00
1	14	14	24	10.41	9.68	0.67	0.06	0.00
1	14	14	24	9.61	8.86	0.68	0.06	0.00
1	14	14	24	9.14	8.40	0.68	0.07	0.00
1	14	14	24	10.77	10.02	0.68	0.07	0.00
1	8	8	15	3.27	2.81	0.42	0.04	0.00
1	8	8	15	3.20	2.74	0.41	0.04	0.00
4	1	1	190	69.05	61.05	8.00	0.00	0.00
2	4	4	15	3.68	3.22	0.41	0.04	0.00
2	4	4	15	3.45	3.00	0.40	0.04	0.00
3	3	3	31	11.52	10.47	1.00	0.04	0.00
2	4	4	15	4.35	3.84	0.46	0.04	0.00
2	7	7	24	7.89	7.18	0.66	0.06	0.00
1	12	12	21	6.92	6.23	0.63	0.06	0.00
2	4	4	15	3.55	3.09	0.42	0.04	0.00
1	14	14	24	7.56	6.82	0.67	0.07	0.00
2	4	4	15	4.09	3.64	0.41	0.04	0.00
2	4	4	15	3.82	3.37	0.41	0.04	0.00
2	30	30	91	55.97	52.51	3.30	0.16	0.00
2	4	4	15	3.58	3.13	0.41	0.04	0.00
2	4	4	15	3.64	3.19	0.41	0.04	0.00
2	4	4	15	4.10	3.58	0.48	0.04	0.00
1	10	10	36	57.04	55.89	1.09	0.05	0.00
1	1	1	8	2.57	2.37	0.20	0.00	0.00
2	4	4	15	3.84	3.38	0.42	0.04	0.00
2	4	4	15	3.36	2.90	0.42	0.04	0.00
1	8	8	15	3.21	2.75	0.42	0.04	0.00
6	19	19	342	96.12	77.16	18.75	0.22	0.00
1	12	12	42	8.87	7.52	1.29	0.06	0.00
1	14	14	24	7.53	6.73	0.73	0.07	0.00
1	1	1	8	2.23	2.03	0.20	0.00	0.00
2	4	4	15	3.50	3.04	0.42	0.04	0.00
2	4	4	15	4.12	3.57	0.50	0.05	0.00
2	4	4	15	3.78	3.32	0.42	0.04	0.00
2	4	4	15	4.17	3.64	0.49	0.05	0.00
2	4	4	15	3.48	3.03	0.42	0.04	0.00
2	4	4	15	3.43	2.98	0.41	0.04	0.00
1	5	5	24	7.47	6.74	0.69	0.04	0.00
1	8	8	15	3.92	3.45	0.42	0.05	0.00
1	8	8	15	3.82	3.34	0.44	0.05	0.00
1	24	24	78	35.83	33.09	2.63	0.10	0.00
1	30	30	96	56.75	53.34	3.29	0.12	0.00
3	32	32	102	52.34	48.30	3.84	0.20	0.00
2	4	4	15	3.88	3.32	0.51	0.05	0.00
2	4	4	15	3.27	2.82	0.41	0.04	0.00
2	12	12	39	8.47	7.14	1.27	0.07	0.00
1	5	5	24	8.88	8.14	0.71	0.04	0.00
1	8	8	15	3.46	2.98	0.43	0.05	0.00
2	4	4	15	3.92	3.47	0.41	0.04	0.00
2	4	4	15	3.57	3.10	0.43	0.04	0.00
1	8	8	15	3.62	3.14	0.43	0.05	0.00
1	14	14	24	7.47	6.70	0.71	0.07	0.00
3	7	7	60	11.22	9.23	1.92	0.07	0.00
2	4	4	15	4.01	3.55	0.42	0.04	0.00
1	0	0	6	8.21	8.04	0.17	0.00	0.00
1	1	1	8	10.50	10.30	0.20	0.00	0.00
2	4	4	15	12.21	11.73	0.42	0.06	0.00
2	2	2	45	6.53	4.79	1.69	0.05	0.00
1	3	3	19	6.36	5.70	0.62	0.04	0.00
2	7	7	24	7.66	6.90	0.70	0.06	0.00
3	7	7	36	9.78	8.45	1.26	0.07	0.00
4	9	9	49	15.07	13.23	1.74	0.10	0.00
2	4	4	15	4.74	4.08	0.60	0.06	0.00
2	4	4	15	3.47	3.01	0.42	0.04	0.00
2	4	4	15	3.74	3.27	0.42	0.04	0.00
1	6	6	24	6.74	6.01	0.69	0.04	0.00
1	6	6	24	7.25	6.53	0.68	0.04	0.00
2	4	4	15	3.37	2.92	0.41	0.04	0.00
2	7	7	24	7.60	6.87	0.68	0.06	0.00
1	6	6	24	6.76	5.97	0.74	0.04	0.00
2	4	4	15	5.33	4.67	0.59	0.06	0.00
1	14	14	24	7.47	6.72	0.67	0.07	0.00
8	8	8	30	16.41	15.36	0.94	0.10	0.00
2	4	4	15	3.62	3.16	0.42	0.04	0.00
1	8	8	15	4.68	4.21	0.42	0.05	0.00
2	4	4	15	3.84	3.36	0.43	0.05	0.00
2	4	4	15	4.20	3.67	0.48	0.05	0.00
2	7	7	24	9.53	8.65	0.81	0.07	0.00
1	8	8	15	5.13	4.67	0.41	0.04	0.00
2	7	7	24	8.67	7.93	0.68	0.06	0.00
1	5	5	24	7.11	6.38	0.69	0.04	0.00
2	4	4	15	3.87	3.40	0.42	0.04	0.00
1	14	14	24	7.24	6.47	0.70	0.07	0.00
4	7	7	72	17.12	14.26	2.76	0.10	0.00
2	7	7	24	7.19	6.44	0.69	0.06	0.00
2	4	4	15	3.76	3.30	0.42	0.04	0.00
2	7	7	24	7.28	6.56	0.66	0.06	0.00
2	7	7	24	7.53	6.78	0.68	0.06	0.00
1	8	8	15	3.75	3.29	0.41	0.05	0.00
2	4	4	15	3.78	3.33	0.41	0.04	0.00
1	1	1	8	2.48	2.27	0.21	0.00	0.00
2	4	4	15	5.02	4.56	0.41	0.04	0.00
1	4	4	36	10.69	9.36	1.29	0.04	0.00
2	4	4	15	3.65	3.20	0.41	0.04	0.00
1	1	1	4	2.19	2.08	0.11	0.00	0.00
1	12	12	42	67.85	66.47	1.31	0.06	0.00
3	7	7	62	11.05	8.97	2.01	0.08	0.00
3	7	7	45	11.74	10.17	1.50	0.07	0.00
2	7	7	24	7.88	7.15	0.67	0.06	0.00
3	8	8	58	24.26	22.02	2.14	0.09	0.00
2	4	4	15	3.40	2.91	0.45	0.05	0.00
2	4	4	15	3.35	2.87	0.43	0.05	0.00
2	4	4	15	3.26	2.80	0.41	0.04	0.00
2	4	4	15	3.16	2.70	0.42	0.04	0.00
1	8	8	15	3.53	3.07	0.42	0.05	0.00
2	4	4	15	4.33	3.88	0.41	0.04	0.00
2	4	4	15	3.44	2.98	0.42	0.04	0.00
1	6	6	12	4.14	3.69	0.41	0.05	0.00
1	3	3	16	5.77	5.30	0.44	0.03	0.00
1	1	1	8	2.64	2.43	0.21	0.00	0.00
2	4	4	15	3.50	3.05	0.41	0.04	0.00
2	4	4	15	4.14	3.68	0.41	0.04	0.00
2	15	15	47	13.12	11.33	1.69	0.09	0.00
1	2	2	12	4.30	3.94	0.34	0.02	0.00
1	2	2	6	1.95	1.76	0.16	0.02	0.00
1	1	1	4	1.50	1.40	0.11	0.00	0.00
1	8	8	15	3.60	3.13	0.42	0.04	0.00
2	4	4	15	3.77	3.33	0.41	0.04	0.00
1	1	1	8	2.10	1.90	0.21	0.00	0.00
1	8	8	15	3.62	3.14	0.43	0.05	0.00
2	4	4	15	3.42	2.96	0.42	0.04	0.00
2	4	4	15	3.33	2.87	0.42	0.04	0.00
2	4	4	15	3.14	2.69	0.41	0.04	0.00
2	1	1	8	2.65	2.45	0.21	0.00	0.00
1	8	8	15	3.57	3.12	0.41	0.04	0.00
1	8	8	15	3.45	2.99	0.41	0.04	0.00
2	7	7	24	7.60	6.87	0.67	0.05	0.00
1	28	28	90	44.07	40.84	3.11	0.12	0.00
1	10	10	36	8.84	7.72	1.06	0.06	0.00
2	6	6	36	53.32	52.02	1.23	0.06	0.00
1	0	0	40	19.09	17.47	1.62	0.00	0.00
2	7	7	24	8.51	7.65	0.80	0.07	0.00
2	12	12	24	7.75	7.00	0.69	0.07	0.00
2	4	4	15	3.95	3.42	0.48	0.04	0.00
4	8	8	63	17.61	15.24	2.27	0.09	0.00
2	4	4	15	3.80	3.34	0.42	0.04	0.00
2	4	4	15	4.07	3.62	0.41	0.04	0.00
2	7	7	24	8.92	8.19	0.67	0.06	0.00
3	4	4	60	16.98	15.07	1.85	0.06	0.00
1	8	8	30	33.31	32.40	0.87	0.04	0.00
2	14	14	41	9.86	8.37	1.41	0.08	0.00
2	4	4	15	3.20	2.73	0.43	0.04	0.00
1	14	14	24	7.18	6.44	0.68	0.07	0.00
2	7	7	24	7.26	6.53	0.68	0.05	0.00
1	6	6	28	7.14	6.19	0.91	0.04	0.00
2	7	7	24	7.61	6.86	0.69	0.06	0.00
1	8	8	15	3.39	2.93	0.42	0.04	0.00
1	80	80	189	15.02	5.28	9.41	0.33	0.00
1	1	1	8	2.40	2.19	0.20	0.00	0.00
2	7	7	24	7.68	6.96	0.67	0.05	0.00
2	4	4	15	4.30	3.83	0.42	0.04	0.00
2	4	4	15	3.77	3.32	0.41	0.04	0.00
3	23	23	150	49.34	44.09	5.11	0.14	0.00
3	22	22	54	29.01	27.01	1.85	0.15	0.00
1	14	14	24	8.08	7.28	0.73	0.07	0.00
1	5	5	24	7.15	6.43	0.68	0.04	0.00
2	9	9	63	4.87	2.61	2.19	0.07	0.00
1	2	2	12	5.20	4.86	0.33	0.02	0.00
1	14	14	24	7.56	6.83	0.67	0.06	0.00
2	4	4	15	3.65	3.20	0.41	0.04	0.00
2	4	4	15	4.46	4.00	0.42	0.04	0.00
1	14	14	24	8.22	7.48	0.68	0.06	0.00
2	4	4	15	4.42	3.96	0.42	0.04	0.00
1	1	1	8	2.23	2.02	0.21	0.00	0.00
1	8	8	15	3.53	3.07	0.42	0.04	0.00
2	4	4	15	3.91	3.46	0.42	0.04	0.00
2	4	4	15	4.18	3.73	0.41	0.04	0.00
3	4	4	30	4.68	3.65	0.97	0.06	0.00
4	20	20	60	28.11	25.99	1.99	0.12	0.00
2	4	4	15	3.28	2.81	0.43	0.04	0.00
1	30	30	48	51.65	49.95	1.57	0.12	0.00
1	8	8	15	3.42	2.95	0.42	0.05	0.00
1	8	8	15	3.86	3.35	0.46	0.05	0.00
2	4	4	15	3.39	2.93	0.42	0.04	0.00
2	4	4	15	4.15	3.70	0.42	0.04	0.00
1	2	2	12	4.36	3.95	0.38	0.03	0.00
1	8	8	15	3.50	3.04	0.42	0.04	0.00
2	7	7	24	7.42	6.69	0.68	0.06	0.00
2	4	4	15	3.51	3.05	0.41	0.04	0.00
2	7	7	24	7.80	7.08	0.66	0.06	0.00
2	4	4	15	3.71	3.25	0.42	0.04	0.00
1	1	1	8	2.23	2.03	0.20	0.00	0.00
1	14	14	24	9.92	9.09	0.76	0.07	0.00
2	4	4	15	4.62	4.15	0.43	0.04	0.00
2	4	4	15	3.27	2.82	0.41	0.04	0.00
1	30	30	96	58.00	54.51	3.37	0.13	0.00
1	12	12	42	73.65	72.32	1.28	0.05	0.00
1	6	6	24	13.22	12.51	0.68	0.04	0.00
1	6	6	24	12.05	11.33	0.68	0.04	0.00
1	10	10	36	57.59	56.47	1.06	0.05	0.00
1	8	8	30	44.89	43.97	0.88	0.05	0.00
1	8	8	30	32.02	31.11	0.86	0.04	0.00
1	12	12	42	71.77	70.42	1.29	0.05	0.00
1	10	10	36	58.84	57.69	1.10	0.05	0.00
1	14	14	48	90.64	89.12	1.46	0.06	0.00
1	10	10	36	54.24	53.08	1.11	0.05	0.00
1	6	6	24	12.18	11.43	0.70	0.05	0.00
1	24	24	78	180.54	177.83	2.60	0.11	0.00
1	12	12	42	69.75	68.39	1.30	0.06	0.00
1	8	8	30	31.60	30.70	0.86	0.04	0.00
1	12	12	42	71.84	70.52	1.27	0.05	0.00
1	10	10	36	56.56	55.44	1.06	0.05	0.00
1	10	10	36	54.49	53.36	1.08	0.05	0.00
1	10	10	36	56.40	55.29	1.06	0.05	0.00
1	12	12	42	73.13	71.82	1.26	0.05	0.00
1	10	10	36	61.25	60.13	1.07	0.05	0.00
1	10	10	36	38.32	37.21	1.06	0.05	0.00
1	10	10	36	53.87	52.75	1.07	0.05	0.00
1	6	6	24	11.89	11.17	0.68	0.04	0.00
1	14	14	48	87.16	85.64	1.46	0.06	0.00
1	10	10	36	56.30	55.17	1.07	0.06	0.00
1	8	8	30	31.16	30.25	0.87	0.04	0.00
1	10	10	36	56.83	55.69	1.08	0.06	0.00
1	6	6	24	12.14	11.41	0.69	0.04	0.00
1	10	10	36	55.83	54.67	1.11	0.05	0.00
1	6	6	24	12.04	11.34	0.67	0.04	0.00
1	10	10	36	57.82	56.69	1.08	0.05	0.00
1	10	10	36	58.35	57.23	1.06	0.06	0.00
1	12	12	42	70.17	68.85	1.26	0.06	0.00
1	22	22	72	157.79	155.30	2.39	0.10	0.00
1	6	6	24	12.52	11.79	0.70	0.04	0.00
1	8	8	30	31.66	30.75	0.86	0.04	0.00
1	10	10	36	56.91	55.80	1.06	0.05	0.00
1	8	8	30	30.78	29.85	0.88	0.05	0.00
1	8	8	30	33.23	32.29	0.90	0.05	0.00
1	10	10	36	55.88	54.73	1.10	0.05	0.00
1	8	8	30	32.92	31.99	0.89	0.04	0.00
1	10	10	36	57.66	56.52	1.09	0.05	0.00
1	8	8	30	33.31	32.39	0.88	0.05	0.00
1	10	10	36	54.80	53.65	1.10	0.05	0.00
1	12	12	42	75.89	74.53	1.31	0.05	0.00
1	18	18	60	125.80	123.77	1.94	0.09	0.00
1	14	14	48	90.07	88.56	1.45	0.06	0.00
1	12	12	42	76.01	74.68	1.27	0.06	0.00
1	24	24	78	178.05	175.33	2.62	0.10	0.00
2	24	24	115	48.18	43.16	4.87	0.15	0.00
1	12	12	42	71.82	70.43	1.33	0.06	0.00
1	12	12	42	76.92	75.58	1.28	0.05	0.00
1	10	10	36	58.22	57.09	1.08	0.05	0.00
1	8	8	30	35.66	34.76	0.86	0.04	0.00
1	8	8	30	32.08	31.15	0.88	0.04	0.00
1	14	14	48	80.72	79.18	1.48	0.06	0.00
1	10	10	36	57.20	56.08	1.07	0.05	0.00
1	1	1	8	2.61	2.41	0.21	0.00	0.00
1	5	5	24	7.49	6.76	0.69	0.04	0.00
1	8	8	30	35.18	34.27	0.87	0.04	0.00
2	4	4	15	4.15	3.70	0.41	0.04	0.00
1	10	10	36	57.86	56.70	1.10	0.05	0.00
1	12	12	42	71.11	69.76	1.29	0.06	0.00
1	12	12	42	77.70	76.36	1.28	0.05	0.00
1	10	10	36	38.59	37.47	1.07	0.05	0.00
1	14	14	48	88.04	86.49	1.49	0.06	0.00
1	10	10	36	55.94	54.80	1.08	0.05	0.00
1	10	10	36	59.57	58.44	1.08	0.05	0.00
1	6	6	24	13.20	12.49	0.68	0.04	0.00
1	10	10	36	57.57	56.44	1.07	0.05	0.00
1	10	10	36	59.37	58.19	1.12	0.05	0.00
1	12	12	42	74.69	73.37	1.26	0.05	0.00
1	0	0	24	7.59	6.94	0.66	0.00	0.00
1	8	8	30	33.82	32.87	0.90	0.04	0.00
1	12	12	42	71.36	70.02	1.28	0.05	0.00
1	0	0	18	5.99	5.43	0.56	0.00	0.00
1	10	10	36	58.08	56.92	1.10	0.05	0.00
1	16	16	54	106.98	105.18	1.72	0.08	0.00
1	6	6	24	12.31	11.61	0.66	0.03	0.00
1	10	10	36	58.25	57.10	1.10	0.05	0.00
2	4	4	15	3.71	3.26	0.41	0.04	0.00
1	10	10	36	61.75	60.58	1.11	0.05	0.00
1	12	12	42	77.16	75.81	1.29	0.06	0.00
1	1	1	8	2.30	2.10	0.20	0.00	0.00
1	14	14	24	8.17	7.41	0.69	0.06	0.00
1	1	1	8	1.99	1.78	0.20	0.00	0.00
1	8	8	30	31.52	30.60	0.87	0.05	0.00
3	7	7	54	11.93	10.14	1.72	0.07	0.00
1	24	24	78	36.07	33.06	2.89	0.12	0.00
1	1	1	4	1.57	1.46	0.11	0.00	0.00
2	4	4	15	3.51	3.05	0.42	0.04	0.00
2	4	4	15	3.41	2.96	0.41	0.04	0.00
2	4	4	15	3.66	3.21	0.41	0.04	0.00
2	4	4	15	3.28	2.82	0.42	0.04	0.00
1	2	2	6	2.00	1.81	0.16	0.02	0.00
2	4	4	15	3.26	2.81	0.41	0.04	0.00
1	2	2	6	1.98	1.79	0.17	0.02	0.00
1	2	2	6	2.03	1.84	0.17	0.02	0.00
1	2	2	6	2.09	1.90	0.17	0.02	0.00
2	4	4	15	3.80	3.34	0.42	0.04	0.00
2	4	4	15	3.61	3.15	0.43	0.04	0.00
2	4	4	15	4.65	3.98	0.61	0.06	0.00
2	4	4	15	3.45	3.01	0.41	0.04	0.00
2	4	4	15	3.41	2.96	0.41	0.04	0.00
1	5	5	24	7.69	6.98	0.68	0.03	0.00
1	2	2	12	4.92	4.58	0.32	0.02	0.00
2	4	4	15	3.48	3.03	0.41	0.04	0.00
1	8	8	15	3.63	3.17	0.42	0.05	0.00
2	7	7	24	7.79	7.07	0.67	0.06	0.00
1	1	1	8	2.36	2.16	0.20	0.00	0.00
2	7	7	24	7.42	6.69	0.67	0.06	0.00
1	14	14	24	7.41	6.67	0.68	0.07	0.00
2	16	16	53	18.73	16.41	2.20	0.12	0.00
2	4	4	15	3.49	3.04	0.41	0.04	0.00
2	4	4	15	3.45	3.00	0.41	0.04	0.00
1	8	8	15	3.84	3.38	0.42	0.05	0.00
1	1	1	8	2.28	2.09	0.19	0.00	0.00
1	10	10	21	9.22	8.33	0.82	0.07	0.00
1	1	1	8	2.43	2.22	0.20	0.00	0.00
1	1	1	8	2.33	2.13	0.20	0.00	0.00
1	8	8	15	3.34	2.89	0.41	0.04	0.00
2	7	7	24	7.27	6.52	0.69	0.06	0.00
1	1	1	8	2.70	2.50	0.20	0.00	0.00
2	7	7	24	7.11	6.39	0.67	0.06	0.00
1	6	6	24	5.39	4.67	0.68	0.04	0.00
2	4	4	15	5.10	4.63	0.44	0.04	0.00
