NumberStatement	NumberMCI	NumberRRI	MCISolvingRoundAverage	TotalTimeAverage	MCILabelsTimeAverage	MCIOperationsTimeAverage	RRIOperationsTimeAverage	RRIILPSolvingTimeAverage
2	4	4	15	23.12	17.69	3.09	0.64	1.70
1	1	1	8	11.38	8.93	0.77	0.19	1.48
1	8	8	15	12.78	9.75	1.05	0.35	1.63
2	4	4	15	10.60	7.94	0.97	0.18	1.52
1	5	5	24	15.70	12.53	1.47	0.16	1.54
2	7	7	24	16.51	13.11	1.51	0.23	1.66
1	1	1	8	8.93	7.07	0.43	0.08	1.35
2	4	4	15	8.10	5.85	0.73	0.15	1.38
3	8	8	57	34.74	29.98	2.83	0.35	1.59
1	2	2	6	7.11	5.44	0.27	0.08	1.33
2	4	4	15	6.08	3.89	0.64	0.12	1.43
1	14	14	24	10.86	8.08	1.07	0.25	1.45
1	8	8	15	6.64	4.60	0.49	0.16	1.39
1	32	32	102	61.72	54.96	4.18	0.67	1.92
1	160	160	306	101.05	74.30	13.28	7.71	5.75
1	30	30	96	66.81	60.58	3.93	0.50	1.81
1	30	30	96	67.49	61.61	3.63	0.52	1.72
2	4	4	15	5.33	3.50	0.49	0.08	1.25
2	4	4	15	5.81	3.84	0.52	0.08	1.37
2	4	4	15	5.96	4.00	0.54	0.08	1.34
2	4	4	15	5.15	3.32	0.50	0.08	1.25
1	2	2	12	8.54	6.73	0.40	0.05	1.35
2	4	4	15	5.13	3.30	0.49	0.07	1.26
1	8	8	15	5.66	3.76	0.50	0.12	1.29
1	8	8	15	6.68	4.66	0.60	0.14	1.29
3	7	7	53	13.45	10.17	1.93	0.10	1.24
1	1	1	8	3.98	2.44	0.24	0.04	1.26
2	3	3	18	6.06	4.16	0.60	0.06	1.25
2	4	4	15	6.23	4.36	0.50	0.08	1.29
1	8	8	15	5.32	3.42	0.49	0.11	1.30
2	5	5	24	9.42	7.27	0.82	0.08	1.23
2	4	4	15	5.11	3.31	0.47	0.07	1.26
2	4	4	15	5.90	4.02	0.54	0.08	1.26
2	4	4	15	6.19	4.29	0.57	0.08	1.25
1	14	14	24	10.10	7.76	0.79	0.18	1.36
1	8	8	15	5.75	3.83	0.49	0.11	1.32
1	8	8	15	5.52	3.61	0.49	0.11	1.31
3	7	7	46	10.75	7.75	1.65	0.10	1.25
2	7	7	24	9.44	7.34	0.77	0.09	1.24
1	8	8	15	6.91	4.82	0.60	0.13	1.36
1	8	8	15	6.61	4.63	0.58	0.12	1.28
2	6	6	24	11.28	9.16	0.82	0.09	1.22
2	6	6	24	10.40	8.30	0.77	0.09	1.24
1	8	8	15	5.83	3.84	0.49	0.11	1.38
2	6	6	24	10.53	8.41	0.78	0.09	1.26
2	6	6	24	11.85	9.68	0.78	0.08	1.31
2	6	6	24	11.17	9.11	0.75	0.09	1.23
2	6	6	24	10.72	8.63	0.76	0.09	1.24
2	6	6	24	10.45	8.39	0.77	0.08	1.21
2	6	6	24	11.11	8.98	0.77	0.09	1.27
2	6	6	24	10.58	8.38	0.78	0.09	1.33
2	6	6	24	10.92	8.70	0.84	0.10	1.29
2	6	6	24	12.25	9.99	0.92	0.10	1.24
2	6	6	24	10.72	8.61	0.77	0.09	1.25
2	6	6	24	9.51	7.41	0.78	0.09	1.23
2	6	6	24	10.75	8.62	0.77	0.09	1.28
1	8	8	15	4.88	3.04	0.47	0.10	1.26
1	8	8	15	5.38	3.54	0.47	0.10	1.26
1	8	8	15	5.41	3.56	0.46	0.11	1.28
1	8	8	15	5.17	3.26	0.47	0.11	1.33
2	4	4	15	5.18	3.41	0.47	0.07	1.24
3	7	7	53	13.64	10.38	1.91	0.10	1.25
2	4	4	15	5.03	3.26	0.47	0.06	1.24
1	1	1	8	3.40	2.00	0.21	0.03	1.17
2	7	7	24	9.36	7.27	0.77	0.10	1.23
2	7	7	24	9.49	7.40	0.76	0.09	1.24
2	7	7	24	9.53	7.48	0.73	0.10	1.22
1	1	1	8	4.03	2.57	0.22	0.03	1.22
1	1	1	8	4.11	2.57	0.22	0.03	1.29
1	1	1	8	4.13	2.67	0.22	0.03	1.21
2	7	7	24	10.40	8.23	0.78	0.10	1.29
2	7	7	24	10.14	8.03	0.76	0.10	1.25
2	7	7	24	10.39	8.28	0.76	0.10	1.26
2	7	7	24	10.01	7.94	0.74	0.10	1.23
2	7	7	24	10.16	8.06	0.75	0.10	1.25
2	7	7	24	10.30	8.17	0.76	0.10	1.27
2	7	7	24	9.74	7.66	0.74	0.10	1.24
2	7	7	24	9.80	7.73	0.74	0.10	1.23
2	10	10	36	14.93	12.34	1.17	0.12	1.29
1	1	1	12	6.35	4.61	0.38	0.05	1.30
2	4	4	15	6.06	4.25	0.48	0.07	1.26
2	7	7	24	10.32	8.19	0.76	0.11	1.26
2	4	4	15	6.51	4.57	0.48	0.07	1.38
2	7	7	24	10.39	8.23	0.77	0.11	1.28
1	1	1	8	3.91	2.49	0.21	0.03	1.18
2	7	7	24	10.22	8.05	0.78	0.11	1.27
2	7	7	24	10.19	8.08	0.77	0.10	1.24
3	7	7	54	15.33	12.13	1.90	0.10	1.20
2	7	7	24	11.71	9.47	0.88	0.11	1.25
2	7	7	24	11.62	9.36	0.82	0.12	1.33
1	1	1	8	3.91	2.43	0.22	0.03	1.24
1	8	8	15	5.10	3.23	0.48	0.10	1.28
2	4	4	15	4.83	3.04	0.48	0.06	1.25
2	7	7	24	9.25	7.17	0.75	0.09	1.25
2	4	4	15	5.16	3.37	0.47	0.06	1.25
1	14	14	24	10.29	7.96	0.86	0.18	1.28
1	8	8	15	6.52	4.55	0.58	0.12	1.27
3	10	10	73	16.12	12.02	2.65	0.16	1.29
2	7	7	24	10.23	8.13	0.76	0.09	1.25
2	7	7	24	10.23	8.10	0.77	0.10	1.27
2	7	7	24	9.82	7.73	0.75	0.09	1.25
2	7	7	24	10.07	7.95	0.76	0.09	1.27
2	7	7	24	9.93	7.85	0.77	0.09	1.22
2	7	7	24	9.77	7.60	0.77	0.09	1.30
2	7	7	24	10.04	7.91	0.78	0.09	1.26
1	1	1	8	3.67	2.23	0.21	0.02	1.20
2	7	7	24	9.67	7.56	0.77	0.09	1.26
2	7	7	24	9.58	7.53	0.75	0.09	1.22
2	7	7	24	9.77	7.72	0.75	0.09	1.21
2	7	7	24	9.45	7.40	0.76	0.09	1.21
2	7	7	24	9.45	7.39	0.76	0.10	1.21
2	7	7	24	9.93	7.86	0.75	0.09	1.23
2	7	7	24	10.04	7.98	0.75	0.09	1.23
2	7	7	24	9.77	7.73	0.74	0.09	1.21
2	7	7	24	9.71	7.64	0.75	0.09	1.23
2	7	7	24	9.99	7.92	0.77	0.09	1.22
1	8	8	15	5.77	3.93	0.48	0.10	1.27
2	4	4	15	4.85	3.05	0.48	0.06	1.25
1	1	1	8	3.41	1.96	0.22	0.02	1.20
1	12	12	21	8.21	6.07	0.66	0.15	1.31
2	7	7	24	9.57	7.46	0.77	0.10	1.26
2	4	4	15	4.96	3.17	0.47	0.06	1.26
2	4	4	15	5.09	3.30	0.47	0.06	1.26
3	7	7	60	26.52	22.99	2.21	0.09	1.23
1	10	10	36	64.73	61.96	1.18	0.12	1.46
1	14	14	24	9.36	7.14	0.75	0.18	1.30
1	8	8	15	5.26	3.38	0.47	0.10	1.31
2	4	4	15	11.94	10.08	0.48	0.06	1.33
3	18	18	151	28.29	21.24	5.44	0.27	1.35
1	2	2	12	5.51	3.83	0.38	0.04	1.27
1	2	2	12	5.77	4.10	0.37	0.04	1.27
1	8	8	15	5.61	3.75	0.47	0.10	1.29
1	8	8	15	5.18	3.32	0.47	0.10	1.29
1	1	1	8	3.41	1.98	0.21	0.02	1.20
2	4	4	15	5.21	3.43	0.47	0.06	1.26
2	4	4	15	5.22	3.43	0.47	0.06	1.25
2	7	7	24	14.64	12.53	0.76	0.08	1.26
2	4	4	15	4.93	3.13	0.48	0.06	1.26
3	8	8	59	30.16	26.33	2.36	0.19	1.28
3	8	8	60	26.98	23.38	2.16	0.17	1.27
1	8	8	15	5.25	3.39	0.47	0.09	1.30
1	8	8	15	4.99	3.13	0.47	0.10	1.29
2	6	6	38	56.68	53.92	1.31	0.08	1.37
1	8	8	15	5.22	3.37	0.46	0.10	1.29
2	4	4	15	4.79	3.01	0.46	0.06	1.26
1	8	8	15	6.00	3.94	0.51	0.11	1.44
2	4	4	15	5.10	3.34	0.46	0.06	1.23
2	4	4	15	5.02	3.22	0.48	0.06	1.26
2	4	4	15	5.29	3.39	0.50	0.06	1.33
2	4	4	15	4.78	3.03	0.46	0.06	1.23
2	4	4	15	4.78	3.03	0.46	0.06	1.23
2	4	4	15	4.94	3.17	0.47	0.06	1.24
3	20	20	211	9890.03	9776.19	101.51	8.33	4.01
2	4	4	15	5.76	3.80	0.50	0.07	1.39
1	8	8	15	5.23	3.35	0.48	0.10	1.30
2	4	4	15	5.59	3.71	0.48	0.06	1.34
2	4	4	15	4.89	3.10	0.46	0.07	1.26
2	4	4	15	5.25	3.26	0.52	0.07	1.41
2	4	4	15	4.79	3.01	0.48	0.06	1.24
1	8	8	15	5.27	3.43	0.47	0.10	1.27
2	4	4	15	5.52	3.51	0.54	0.07	1.40
2	4	4	15	5.08	3.23	0.47	0.06	1.32
2	4	4	15	4.91	3.12	0.46	0.06	1.27
2	4	4	15	4.90	3.11	0.46	0.06	1.28
2	4	4	15	4.88	3.10	0.46	0.06	1.26
2	4	4	15	5.07	3.21	0.48	0.06	1.32
2	4	4	15	5.09	3.26	0.47	0.06	1.30
2	4	4	15	4.89	3.11	0.46	0.06	1.27
2	4	4	15	4.92	3.13	0.47	0.06	1.26
2	4	4	15	5.09	3.25	0.48	0.06	1.30
2	4	4	15	5.40	3.57	0.48	0.06	1.28
1	8	8	15	5.08	3.22	0.47	0.10	1.29
2	4	4	15	4.80	3.03	0.46	0.06	1.25
1	2	2	12	5.61	3.94	0.37	0.04	1.27
2	4	4	15	5.35	3.53	0.47	0.06	1.29
5	8	8	105	31.17	25.36	4.36	0.16	1.29
1	8	8	15	5.34	3.47	0.47	0.10	1.30
3	9	9	41	11.69	8.98	1.37	0.11	1.23
4	9	9	40	17.13	14.03	1.64	0.20	1.27
2	7	7	24	10.48	8.40	0.76	0.08	1.24
2	4	4	15	5.74	3.88	0.48	0.06	1.32
2	4	4	15	5.58	3.74	0.47	0.06	1.30
4	6	6	28	9.72	7.30	1.07	0.13	1.22
2	4	4	15	5.20	3.42	0.46	0.06	1.26
1	6	6	24	7.93	5.88	0.75	0.07	1.23
2	4	4	15	5.15	3.37	0.46	0.06	1.25
2	4	4	15	5.20	3.41	0.47	0.06	1.26
3	36	36	110	68.02	60.92	4.50	0.75	1.85
3	12	12	50	40.53	37.21	1.74	0.14	1.44
2	30	30	121	66.28	59.60	4.49	0.46	1.73
2	4	4	15	5.85	4.06	0.46	0.06	1.27
1	14	14	24	10.29	8.06	0.77	0.16	1.30
1	14	14	24	9.65	7.36	0.77	0.17	1.35
1	14	14	24	11.85	9.64	0.78	0.16	1.27
1	14	14	24	11.67	9.48	0.75	0.16	1.28
1	14	14	24	13.01	10.79	0.76	0.17	1.29
1	14	14	24	12.08	9.84	0.76	0.17	1.30
1	14	14	24	11.57	9.36	0.75	0.17	1.29
1	14	14	24	13.25	11.05	0.75	0.17	1.28
1	8	8	15	4.91	3.09	0.45	0.10	1.27
1	8	8	15	4.87	3.03	0.46	0.10	1.28
4	1	1	190	77.22	67.75	8.03	0.03	1.40
2	4	4	15	5.31	3.53	0.46	0.06	1.25
2	4	4	15	5.14	3.36	0.47	0.06	1.24
3	3	3	31	13.89	11.58	1.06	0.05	1.20
2	4	4	15	6.27	4.35	0.50	0.06	1.36
2	7	7	24	10.15	8.07	0.76	0.09	1.23
1	12	12	21	8.50	6.40	0.67	0.15	1.28
2	4	4	15	5.21	3.44	0.46	0.06	1.25
1	14	14	24	9.86	7.66	0.75	0.18	1.27
2	4	4	15	5.82	4.05	0.46	0.06	1.24
2	4	4	15	5.43	3.68	0.46	0.06	1.23
2	30	30	91	62.56	56.98	3.35	0.50	1.73
2	4	4	15	5.30	3.53	0.47	0.06	1.25
2	4	4	15	5.30	3.54	0.47	0.06	1.23
2	4	4	15	5.35	3.60	0.46	0.06	1.23
1	10	10	36	63.76	61.04	1.17	0.11	1.43
1	1	1	8	4.03	2.59	0.21	0.02	1.20
2	4	4	15	5.49	3.70	0.47	0.06	1.26
2	4	4	15	5.15	3.35	0.48	0.06	1.26
1	8	8	15	4.91	3.08	0.47	0.10	1.26
6	19	19	342	105.98	84.85	18.66	0.65	1.83
1	12	12	42	11.19	8.43	1.36	0.13	1.27
1	14	14	24	9.46	7.24	0.75	0.18	1.29
1	1	1	8	3.63	2.22	0.21	0.02	1.18
2	4	4	15	5.07	3.31	0.48	0.06	1.23
2	4	4	15	5.18	3.41	0.47	0.06	1.24
2	4	4	15	5.89	3.92	0.52	0.07	1.38
2	4	4	15	5.28	3.53	0.47	0.06	1.23
2	4	4	15	5.07	3.31	0.47	0.06	1.22
2	4	4	15	5.81	3.77	0.51	0.06	1.46
1	5	5	24	9.46	7.43	0.77	0.06	1.20
1	8	8	15	5.55	3.72	0.47	0.10	1.27
1	8	8	15	5.29	3.45	0.47	0.10	1.27
1	24	24	78	40.88	36.39	2.67	0.31	1.50
1	30	30	96	66.45	60.68	3.49	0.45	1.82
3	32	32	102	58.81	52.58	3.91	0.62	1.71
2	4	4	15	4.91	3.15	0.45	0.06	1.25
2	4	4	15	4.88	3.10	0.47	0.06	1.25
2	12	12	39	10.64	7.91	1.34	0.14	1.25
1	5	5	24	10.85	8.81	0.78	0.06	1.21
1	8	8	15	5.18	3.30	0.48	0.10	1.30
2	4	4	15	5.58	3.81	0.47	0.06	1.25
2	4	4	15	5.09	3.33	0.47	0.06	1.23
1	8	8	15	5.10	3.29	0.46	0.09	1.26
1	14	14	24	9.64	7.45	0.75	0.17	1.27
3	7	7	60	13.52	10.26	1.98	0.08	1.20
2	4	4	15	5.63	3.88	0.47	0.06	1.23
1	0	0	6	8.67	8.48	0.19	0.00	0.00
1	1	1	8	12.64	11.18	0.21	0.03	1.22
2	4	4	15	14.78	12.94	0.49	0.07	1.28
2	2	2	45	8.51	5.43	1.81	0.04	1.23
1	3	3	19	8.41	6.44	0.64	0.05	1.28
2	7	7	24	9.73	7.57	0.77	0.09	1.29
3	7	7	36	12.09	9.37	1.31	0.15	1.26
4	9	9	49	18.14	14.75	1.84	0.22	1.33
2	4	4	15	5.23	3.42	0.47	0.06	1.28
2	4	4	15	5.40	3.49	0.50	0.06	1.35
2	4	4	15	5.60	3.75	0.49	0.06	1.30
1	6	6	24	8.72	6.63	0.78	0.08	1.24
1	6	6	24	9.17	7.10	0.78	0.08	1.22
2	4	4	15	4.97	3.21	0.47	0.06	1.24
2	7	7	24	9.63	7.55	0.76	0.09	1.23
1	6	6	24	7.97	5.91	0.77	0.07	1.22
2	4	4	15	5.23	3.44	0.46	0.06	1.26
1	14	14	24	9.62	7.35	0.79	0.19	1.29
8	8	8	30	19.25	16.87	1.03	0.15	1.21
2	4	4	15	5.25	3.50	0.46	0.06	1.23
1	8	8	15	6.42	4.58	0.47	0.10	1.27
2	4	4	15	5.43	3.58	0.47	0.06	1.31
2	4	4	15	5.25	3.35	0.49	0.07	1.34
2	7	7	24	10.08	7.95	0.75	0.10	1.28
1	8	8	15	6.89	5.05	0.48	0.10	1.26
2	7	7	24	10.71	8.63	0.76	0.09	1.23
1	5	5	24	9.08	7.04	0.77	0.07	1.20
2	4	4	15	5.58	3.81	0.47	0.06	1.24
1	14	14	24	9.36	7.18	0.76	0.17	1.26
4	7	7	72	17.13	13.35	2.47	0.10	1.21
2	7	7	24	9.38	7.25	0.77	0.09	1.27
2	4	4	15	5.53	3.73	0.49	0.06	1.25
2	7	7	24	9.73	7.60	0.77	0.10	1.26
2	7	7	24	9.62	7.54	0.77	0.09	1.21
1	8	8	15	5.55	3.70	0.48	0.10	1.27
2	4	4	15	5.42	3.64	0.47	0.06	1.25
1	1	1	8	3.86	2.41	0.22	0.03	1.20
2	4	4	15	6.81	5.02	0.48	0.06	1.26
1	4	4	36	12.75	10.14	1.39	0.06	1.17
2	4	4	15	5.35	3.56	0.47	0.06	1.26
1	1	1	4	3.60	2.25	0.11	0.03	1.21
1	12	12	42	75.20	72.18	1.37	0.14	1.51
3	7	7	62	13.12	9.81	2.03	0.08	1.19
3	7	7	45	13.74	10.94	1.52	0.09	1.19
2	7	7	24	9.83	7.79	0.74	0.09	1.20
3	8	8	58	27.54	23.95	2.15	0.17	1.26
2	4	4	15	4.91	3.10	0.47	0.06	1.27
2	4	4	15	4.73	2.97	0.47	0.06	1.23
2	4	4	15	4.78	2.99	0.48	0.06	1.25
2	4	4	15	4.69	2.93	0.47	0.06	1.22
1	8	8	15	5.21	3.36	0.48	0.10	1.27
2	4	4	15	5.91	4.15	0.47	0.06	1.23
2	4	4	15	5.00	3.24	0.47	0.06	1.23
1	6	6	12	5.49	3.69	0.39	0.08	1.34
1	3	3	16	7.84	6.01	0.50	0.05	1.28
1	1	1	8	4.25	2.76	0.22	0.03	1.24
2	4	4	15	5.20	3.42	0.47	0.06	1.24
2	4	4	15	6.13	4.25	0.47	0.06	1.35
2	15	15	47	15.95	12.61	1.77	0.26	1.31
1	2	2	12	5.91	4.25	0.37	0.04	1.25
1	2	2	6	3.35	1.85	0.19	0.04	1.27
1	1	1	4	2.77	1.48	0.11	0.03	1.16
1	8	8	15	5.26	3.42	0.47	0.10	1.27
2	4	4	15	5.42	3.63	0.48	0.06	1.25
1	1	1	8	3.47	2.00	0.22	0.03	1.22
1	8	8	15	5.80	3.75	0.52	0.11	1.42
2	4	4	15	5.71	3.65	0.56	0.07	1.42
2	4	4	15	5.10	3.28	0.48	0.06	1.28
2	4	4	15	5.06	3.11	0.47	0.07	1.41
2	1	1	8	4.18	2.70	0.22	0.03	1.23
1	8	8	15	5.23	3.39	0.48	0.10	1.26
1	8	8	15	5.12	3.28	0.48	0.10	1.27
2	7	7	24	9.96	7.65	0.77	0.10	1.44
1	28	28	90	49.94	44.75	3.19	0.41	1.60
1	10	10	36	11.00	8.42	1.19	0.11	1.27
2	6	6	36	58.27	55.56	1.26	0.08	1.37
1	0	0	40	18.69	17.17	1.51	0.00	0.00
2	7	7	24	9.67	7.46	0.78	0.10	1.34
2	12	12	24	9.95	7.69	0.77	0.16	1.33
2	4	4	15	5.13	3.37	0.45	0.06	1.25
4	8	8	63	20.63	16.94	2.31	0.14	1.24
2	4	4	15	5.41	3.64	0.46	0.06	1.24
2	4	4	15	5.83	4.01	0.47	0.06	1.28
2	7	7	24	11.10	9.00	0.76	0.10	1.24
3	4	4	60	20.49	17.18	1.95	0.07	1.29
1	8	8	30	37.68	35.27	0.98	0.10	1.33
2	14	14	41	11.85	8.97	1.45	0.17	1.26
2	4	4	15	4.77	3.02	0.45	0.06	1.24
1	14	14	24	9.39	7.20	0.75	0.17	1.27
2	7	7	24	9.36	7.30	0.75	0.09	1.22
1	6	6	28	9.26	6.99	0.96	0.08	1.23
2	7	7	24	9.76	7.68	0.76	0.10	1.23
1	8	8	15	5.08	3.23	0.47	0.11	1.28
1	80	80	189	22.83	5.87	10.97	2.91	3.08
1	1	1	8	3.95	2.45	0.22	0.03	1.25
2	7	7	24	10.35	8.08	0.77	0.10	1.38
2	4	4	15	6.04	4.23	0.48	0.06	1.28
2	4	4	15	5.50	3.70	0.47	0.06	1.26
3	23	23	150	56.83	49.55	5.28	0.37	1.63
3	22	22	54	33.18	29.45	1.94	0.34	1.46
1	14	14	24	10.23	7.97	0.78	0.17	1.31
1	5	5	24	9.12	7.05	0.79	0.06	1.23
2	9	9	63	6.68	2.95	2.34	0.12	1.27
1	2	2	12	6.97	5.30	0.38	0.04	1.26
1	14	14	24	9.94	7.72	0.78	0.17	1.28
2	4	4	15	5.36	3.57	0.48	0.06	1.26
2	4	4	15	6.24	4.46	0.47	0.06	1.25
1	14	14	24	10.67	8.42	0.76	0.18	1.30
2	4	4	15	6.54	4.71	0.50	0.06	1.25
1	1	1	8	4.57	3.05	0.27	0.03	1.23
1	8	8	15	6.61	4.64	0.58	0.12	1.28
2	4	4	15	7.08	5.17	0.60	0.07	1.24
2	4	4	15	6.12	4.24	0.49	0.06	1.33
3	4	4	30	6.43	4.09	1.08	0.06	1.19
4	20	20	60	32.07	28.39	2.00	0.28	1.39
2	4	4	15	6.50	4.46	0.62	0.08	1.34
1	30	30	48	59.17	55.31	1.66	0.46	1.73
1	8	8	15	5.59	3.55	0.51	0.11	1.41
1	8	8	15	6.38	4.41	0.58	0.12	1.28
2	4	4	15	5.06	3.26	0.47	0.06	1.26
2	4	4	15	5.96	4.16	0.48	0.06	1.26
1	2	2	12	5.53	3.85	0.38	0.04	1.26
1	8	8	15	5.30	3.43	0.48	0.10	1.28
2	7	7	24	9.97	7.80	0.78	0.09	1.29
2	4	4	15	5.36	3.54	0.48	0.06	1.28
2	7	7	24	10.25	8.13	0.77	0.09	1.26
2	4	4	15	6.06	4.22	0.53	0.07	1.24
1	1	1	8	4.64	3.14	0.26	0.03	1.21
1	14	14	24	11.59	9.37	0.78	0.17	1.27
2	4	4	15	6.19	4.40	0.48	0.06	1.26
2	4	4	15	4.88	3.12	0.47	0.06	1.23
1	30	30	96	66.87	61.13	3.56	0.46	1.72
1	12	12	42	82.98	79.85	1.38	0.14	1.60
1	6	6	24	15.56	13.46	0.77	0.08	1.25
1	6	6	24	15.60	13.44	0.81	0.08	1.27
1	10	10	36	66.75	63.94	1.22	0.12	1.47
1	8	8	30	50.18	47.71	1.00	0.10	1.37
1	8	8	30	35.91	33.52	0.98	0.10	1.32
1	12	12	42	80.41	77.31	1.37	0.14	1.58
1	10	10	36	65.88	63.10	1.18	0.12	1.48
1	14	14	48	101.19	97.81	1.57	0.16	1.65
1	10	10	36	60.48	57.68	1.19	0.12	1.50
1	6	6	24	14.48	12.40	0.77	0.08	1.24
1	24	24	78	202.95	197.93	2.77	0.36	1.90
1	12	12	42	78.16	75.07	1.37	0.15	1.57
1	8	8	30	36.73	34.25	0.99	0.10	1.39
1	12	12	42	80.06	76.99	1.38	0.14	1.54
1	10	10	36	63.65	60.84	1.20	0.12	1.49
1	10	10	36	60.14	57.43	1.18	0.11	1.42
1	10	10	36	63.67	60.87	1.18	0.12	1.50
1	12	12	42	81.61	78.53	1.38	0.14	1.56
1	10	10	36	69.18	66.35	1.19	0.12	1.52
1	10	10	36	42.96	40.31	1.18	0.11	1.36
1	10	10	36	60.56	57.79	1.19	0.12	1.46
1	6	6	24	14.22	12.15	0.76	0.08	1.23
1	14	14	48	96.96	93.58	1.57	0.18	1.63
1	10	10	36	63.12	60.33	1.18	0.12	1.48
1	8	8	30	34.93	32.54	0.97	0.10	1.31
1	10	10	36	64.14	61.33	1.19	0.12	1.51
1	6	6	24	14.48	12.39	0.77	0.07	1.24
1	10	10	36	62.45	59.70	1.19	0.11	1.43
1	6	6	24	14.72	12.60	0.77	0.08	1.27
1	10	10	36	64.89	62.10	1.19	0.12	1.48
1	10	10	36	64.92	62.17	1.18	0.11	1.45
1	12	12	42	78.72	75.63	1.38	0.14	1.56
1	22	22	72	178.61	173.95	2.49	0.31	1.86
1	6	6	24	14.69	12.57	0.77	0.08	1.28
1	8	8	30	35.94	33.55	0.98	0.10	1.31
1	10	10	36	64.50	61.73	1.18	0.12	1.48
1	8	8	30	35.04	32.62	0.98	0.10	1.34
1	8	8	30	37.73	35.34	0.98	0.10	1.31
1	10	10	36	63.29	60.50	1.18	0.12	1.49
1	8	8	30	37.19	34.77	0.98	0.10	1.33
1	10	10	36	65.48	62.43	1.35	0.13	1.57
1	8	8	30	38.51	36.04	0.97	0.10	1.40
1	10	10	36	61.45	58.72	1.18	0.12	1.43
1	12	12	42	85.82	82.65	1.38	0.15	1.65
1	18	18	60	140.36	136.31	2.04	0.24	1.76
1	14	14	48	102.61	99.17	1.59	0.18	1.67
1	12	12	42	84.86	81.72	1.38	0.15	1.62
1	24	24	78	204.63	199.60	2.78	0.36	1.89
2	24	24	115	55.21	48.87	4.40	0.33	1.60
1	12	12	42	78.53	75.48	1.37	0.14	1.54
1	12	12	42	85.53	82.46	1.37	0.14	1.56
1	10	10	36	66.24	63.41	1.20	0.12	1.51
1	8	8	30	42.66	40.17	1.07	0.10	1.31
1	8	8	30	35.94	33.54	0.98	0.10	1.32
1	14	14	48	90.22	86.82	1.57	0.17	1.65
1	10	10	36	64.31	61.54	1.19	0.12	1.46
1	1	1	8	4.16	2.66	0.22	0.02	1.26
1	5	5	24	10.36	8.16	0.81	0.06	1.32
1	8	8	30	42.49	39.98	1.06	0.11	1.34
2	4	4	15	5.85	4.03	0.48	0.06	1.28
1	10	10	36	63.37	60.62	1.18	0.12	1.45
1	12	12	42	79.98	76.87	1.38	0.15	1.58
1	12	12	42	90.01	86.36	1.63	0.18	1.84
1	10	10	36	43.74	41.12	1.19	0.11	1.32
1	14	14	48	97.16	93.78	1.56	0.17	1.64
1	10	10	36	62.04	59.32	1.18	0.11	1.43
1	10	10	36	67.03	64.25	1.19	0.12	1.49
1	6	6	24	15.78	13.72	0.77	0.07	1.22
1	10	10	36	63.18	60.48	1.18	0.11	1.41
1	10	10	36	64.26	61.47	1.19	0.12	1.47
1	12	12	42	83.67	80.57	1.38	0.14	1.58
1	0	0	24	8.38	7.62	0.76	0.00	0.00
1	8	8	30	37.93	35.52	0.98	0.11	1.32
1	12	12	42	79.60	76.53	1.37	0.14	1.56
1	0	0	18	6.62	6.06	0.56	0.00	0.00
1	10	10	36	64.17	61.41	1.18	0.11	1.47
1	16	16	54	120.25	116.48	1.83	0.21	1.73
1	6	6	24	14.80	12.74	0.77	0.08	1.22
1	10	10	36	65.30	62.55	1.18	0.12	1.46
2	4	4	15	5.30	3.54	0.47	0.06	1.24
1	10	10	36	66.30	63.54	1.19	0.12	1.46
1	12	12	42	86.00	82.92	1.37	0.14	1.57
1	1	1	8	3.78	2.32	0.22	0.02	1.22
1	14	14	24	10.42	8.20	0.77	0.16	1.28
1	1	1	8	3.29	1.88	0.20	0.02	1.18
1	8	8	30	35.72	33.36	0.97	0.09	1.29
3	7	7	54	14.41	11.31	1.81	0.09	1.20
1	24	24	78	40.99	36.43	2.69	0.33	1.54
1	1	1	4	2.94	1.56	0.12	0.02	1.24
2	4	4	15	5.15	3.36	0.47	0.06	1.25
2	4	4	15	5.08	3.31	0.47	0.06	1.23
2	4	4	15	5.31	3.54	0.48	0.06	1.24
2	4	4	15	4.86	3.09	0.47	0.06	1.24
1	2	2	6	3.46	1.94	0.19	0.03	1.29
2	4	4	15	5.45	3.44	0.50	0.07	1.45
1	2	2	6	3.34	1.85	0.19	0.04	1.26
1	2	2	6	3.47	1.97	0.19	0.04	1.27
1	2	2	6	3.55	2.05	0.19	0.03	1.28
2	4	4	15	5.50	3.71	0.47	0.06	1.25
2	4	4	15	5.24	3.47	0.48	0.06	1.23
2	4	4	15	4.99	3.23	0.47	0.06	1.23
2	4	4	15	4.95	3.19	0.47	0.06	1.22
2	4	4	15	5.00	3.24	0.47	0.06	1.24
1	5	5	24	9.66	7.63	0.78	0.06	1.19
1	2	2	12	6.59	4.95	0.37	0.04	1.23
2	4	4	15	5.22	3.44	0.48	0.06	1.25
1	8	8	15	5.39	3.48	0.49	0.10	1.31
2	7	7	24	9.91	7.84	0.77	0.09	1.21
1	1	1	8	3.74	2.31	0.21	0.02	1.20
2	7	7	24	9.45	7.39	0.77	0.09	1.20
1	14	14	24	9.61	7.40	0.78	0.17	1.26
2	16	16	53	22.34	18.44	2.21	0.35	1.34
2	4	4	15	5.21	3.43	0.47	0.06	1.25
2	4	4	15	5.02	3.26	0.47	0.06	1.23
1	8	8	15	5.55	3.70	0.47	0.10	1.27
1	1	1	8	3.61	2.24	0.20	0.02	1.14
1	10	10	21	11.04	8.86	0.81	0.13	1.23
1	1	1	8	3.77	2.34	0.22	0.02	1.19
1	1	1	8	3.66	2.24	0.21	0.02	1.18
1	8	8	15	4.98	3.16	0.47	0.10	1.25
2	7	7	24	9.32	7.26	0.76	0.09	1.21
1	1	1	8	4.17	2.72	0.22	0.02	1.20
2	7	7	24	9.67	7.53	0.79	0.09	1.27
1	6	6	24	7.28	5.22	0.77	0.07	1.22
2	4	4	15	6.44	4.68	0.48	0.06	1.22
