NumberStatement	NumberMCI	NumberRRI	MCISolvingRoundAverage	TotalTimeAverage	MCILabelsTimeAverage	MCIOperationsTimeAverage	RRIOperationsTimeAverage	RRIILPSolvingTimeAverage
1	1	1	16	16.39	15.17	0.96	0.26	0.00
2	4	2	36	34.82	31.18	3.19	0.45	0.00
3	9	3	64	51.46	43.51	7.40	0.55	0.00
4	16	4	100	78.30	65.15	12.52	0.63	0.00
5	25	5	144	122.71	102.99	19.09	0.63	0.00
6	36	6	196	182.27	156.10	25.54	0.63	0.00
7	49	7	256	214.55	182.47	31.35	0.72	0.00
8	64	8	324	302.68	260.08	41.67	0.93	0.00
9	81	9	400	359.61	303.77	54.60	1.24	0.00
10	100	10	484	488.78	415.98	71.26	1.54	0.00
11	121	11	576	692.27	595.84	94.43	2.01	0.00
12	144	12	676	1065.23	938.60	124.07	2.57	0.00
13	169	13	784	1458.09	1294.36	160.53	3.20	0.00
14	196	14	900	1720.61	1503.36	213.23	4.02	0.00
15	225	15	1024	2142.55	1862.79	274.96	4.79	0.00
