Policy	WO	PruningReducer	W
0	3.04	2.11	1.19
1	3.04	2.42	1.27
2	3.26	2.45	1.29
3	3.46	2.52	1.30
4	3.47	2.52	1.31
5	3.47	2.56	1.31
6	3.52	2.59	1.35
7	3.54	2.66	1.37
8	3.56	2.72	1.42
9	3.59	2.79	1.43
10	3.63	2.83	1.43
11	3.70	2.90	1.45
12	3.73	3.01	1.46
13	3.81	3.03	1.48
14	3.86	3.07	1.49
15	3.87	3.09	1.49
16	3.88	3.10	1.50
17	3.91	3.11	1.52
18	3.91	3.13	1.53
19	4.00	3.14	1.53
20	4.04	3.15	1.53
21	4.05	3.22	1.54
22	4.15	3.23	1.55
23	4.26	3.26	1.55
24	4.35	3.28	1.56
25	4.35	3.33	1.57
26	4.38	3.43	1.57
27	4.38	3.43	1.58
28	4.40	3.43	1.58
29	4.43	3.54	1.61
30	4.48	3.55	1.61
31	4.75	3.57	1.61
32	4.77	3.62	1.61
33	4.79	3.74	1.62
34	4.83	3.76	1.64
35	4.84	3.77	1.64
36	4.85	3.78	1.64
37	4.89	3.83	1.65
38	4.91	3.83	1.65
39	4.91	3.84	1.65
40	4.91	3.85	1.66
41	4.91	3.85	1.66
42	4.91	3.85	1.66
43	4.93	3.85	1.66
44	4.94	3.86	1.67
45	4.94	3.86	1.68
46	4.95	3.87	1.68
47	4.95	3.87	1.69
48	4.95	3.87	1.69
49	5.00	3.87	1.69
50	5.00	3.88	1.70
51	5.01	3.88	1.70
52	5.01	3.90	1.71
53	5.02	3.91	1.71
54	5.02	3.91	1.71
55	5.02	3.91	1.71
56	5.02	3.92	1.71
57	5.03	3.93	1.71
58	5.06	3.93	1.72
59	5.07	3.95	1.72
60	5.07	3.95	1.72
61	5.08	3.96	1.72
62	5.10	3.96	1.72
63	5.12	3.97	1.73
64	5.13	3.98	1.73
65	5.14	3.99	1.74
66	5.14	4.02	1.74
67	5.15	4.02	1.75
68	5.15	4.03	1.75
69	5.15	4.03	1.76
70	5.15	4.03	1.76
71	5.15	4.06	1.76
72	5.17	4.07	1.76
73	5.17	4.07	1.76
74	5.18	4.07	1.77
75	5.18	4.07	1.77
76	5.18	4.08	1.78
77	5.19	4.11	1.78
78	5.21	4.11	1.78
79	5.21	4.11	1.78
80	5.21	4.11	1.78
81	5.21	4.13	1.78
82	5.21	4.13	1.79
83	5.21	4.14	1.79
84	5.22	4.15	1.79
85	5.23	4.15	1.79
86	5.23	4.15	1.79
87	5.23	4.17	1.79
88	5.24	4.18	1.80
89	5.25	4.18	1.80
90	5.25	4.19	1.80
91	5.25	4.19	1.80
92	5.26	4.19	1.80
93	5.26	4.20	1.80
94	5.26	4.20	1.81
95	5.27	4.20	1.81
96	5.27	4.20	1.81
97	5.28	4.21	1.81
98	5.28	4.22	1.81
99	5.29	4.22	1.81
100	5.29	4.23	1.82
101	5.29	4.23	1.82
102	5.29	4.23	1.82
103	5.29	4.24	1.83
104	5.31	4.24	1.83
105	5.31	4.24	1.83
106	5.32	4.24	1.83
107	5.32	4.25	1.83
108	5.32	4.25	1.83
109	5.33	4.25	1.84
110	5.34	4.26	1.84
111	5.34	4.26	1.85
112	5.34	4.26	1.85
113	5.34	4.26	1.86
114	5.34	4.27	1.86
115	5.35	4.28	1.87
116	5.35	4.28	1.87
117	5.37	4.28	1.87
118	5.37	4.28	1.87
119	5.38	4.28	1.87
120	5.39	4.29	1.88
121	5.39	4.30	1.88
122	5.40	4.31	1.88
123	5.41	4.31	1.88
124	5.42	4.31	1.89
125	5.43	4.31	1.89
126	5.43	4.32	1.89
127	5.43	4.32	1.90
128	5.44	4.32	1.90
129	5.44	4.32	1.90
130	5.45	4.32	1.90
131	5.45	4.32	1.90
132	5.47	4.32	1.90
133	5.48	4.33	1.90
134	5.48	4.34	1.90
135	5.49	4.34	1.91
136	5.49	4.36	1.91
137	5.50	4.36	1.91
138	5.52	4.37	1.91
139	5.52	4.37	1.91
140	5.52	4.37	1.91
141	5.53	4.37	1.92
142	5.53	4.37	1.92
143	5.54	4.38	1.92
144	5.55	4.38	1.93
145	5.55	4.39	1.93
146	5.55	4.42	1.93
147	5.55	4.42	1.93
148	5.56	4.43	1.93
149	5.56	4.44	1.93
150	5.59	4.46	1.94
151	5.61	4.46	1.94
152	5.62	4.46	1.94
153	5.63	4.47	1.94
154	5.63	4.49	1.95
155	5.65	4.49	1.95
156	5.67	4.50	1.95
157	5.68	4.52	1.95
158	5.68	4.53	1.95
159	5.68	4.54	1.95
160	5.73	4.55	1.95
161	5.74	4.55	1.95
162	5.75	4.55	1.95
163	5.75	4.56	1.96
164	5.77	4.56	1.96
165	5.78	4.58	1.96
166	5.79	4.58	1.96
167	5.81	4.60	1.96
168	5.84	4.60	1.96
169	5.84	4.60	1.97
170	5.84	4.60	1.98
171	5.85	4.61	1.98
172	5.89	4.62	1.98
173	5.90	4.63	1.99
174	5.90	4.64	1.99
175	5.92	4.64	1.99
176	5.92	4.64	1.99
177	5.94	4.65	1.99
178	5.99	4.65	1.99
179	6.01	4.67	2.00
180	6.03	4.67	2.00
181	6.05	4.69	2.00
182	6.06	4.69	2.00
183	6.15	4.70	2.00
184	6.16	4.72	2.00
185	6.18	4.73	2.00
186	6.21	4.73	2.01
187	6.23	4.74	2.01
188	6.26	4.74	2.02
189	6.27	4.75	2.02
190	6.29	4.76	2.02
191	6.30	4.76	2.02
192	6.30	4.77	2.03
193	6.37	4.79	2.03
194	6.40	4.80	2.03
195	6.45	4.81	2.03
196	6.48	4.87	2.03
197	6.52	4.90	2.04
198	6.54	4.94	2.04
199	6.56	4.94	2.04
200	6.67	4.99	2.04
201	6.80	4.99	2.04
202	6.82	5.01	2.04
203	6.84	5.03	2.05
204	6.85	5.04	2.05
205	6.89	5.04	2.06
206	6.92	5.05	2.06
207	7.16	5.07	2.06
208	7.16	5.07	2.06
209	7.20	5.08	2.07
210	7.30	5.09	2.07
211	7.34	5.15	2.07
212	7.46	5.17	2.07
213	7.90	5.24	2.07
214	8.01	5.25	2.07
215	8.10	5.36	2.07
216	8.12	5.36	2.08
217	8.26	5.37	2.08
218	8.29	5.40	2.08
219	8.30	5.43	2.08
220	8.33	5.45	2.08
221	8.34	5.56	2.08
222	8.43	5.60	2.08
223	8.45	5.75	2.09
224	8.57	5.81	2.09
225	8.73	5.82	2.09
226	8.73	5.83	2.09
227	8.75	5.88	2.10
228	8.87	6.10	2.11
229	8.97	6.13	2.11
230	9.05	6.22	2.12
231	9.20	6.25	2.12
232	9.23	6.65	2.12
233	9.24	6.68	2.12
234	9.27	6.86	2.13
235	9.28	7.03	2.13
236	9.32	7.11	2.13
237	9.32	7.12	2.14
238	9.45	7.19	2.14
239	9.49	7.48	2.14
240	9.50	7.48	2.14
241	9.56	7.61	2.14
242	9.57	7.62	2.15
243	9.57	7.65	2.15
244	9.58	7.82	2.15
245	9.59	7.84	2.16
246	9.61	7.88	2.16
247	9.64	7.90	2.16
248	9.67	7.90	2.16
249	9.69	7.92	2.16
250	9.73	8.04	2.16
251	9.73	8.04	2.17
252	9.76	8.06	2.17
253	9.78	8.07	2.17
254	9.81	8.10	2.18
255	9.85	8.12	2.18
256	9.86	8.16	2.18
257	9.90	8.17	2.18
258	9.92	8.21	2.19
259	9.93	8.23	2.19
260	9.94	8.25	2.19
261	9.94	8.27	2.19
262	10.01	8.29	2.20
263	10.01	8.30	2.20
264	10.05	8.34	2.21
265	10.07	8.34	2.21
266	10.07	8.36	2.22
267	10.11	8.39	2.22
268	10.14	8.42	2.22
269	10.17	8.43	2.23
270	10.18	8.44	2.24
271	10.20	8.44	2.24
272	10.21	8.44	2.24
273	10.22	8.45	2.25
274	10.25	8.45	2.25
275	10.29	8.47	2.25
276	10.31	8.49	2.25
277	10.34	8.50	2.25
278	10.35	8.51	2.26
279	10.39	8.52	2.27
280	10.41	8.52	2.28
281	10.42	8.53	2.28
282	10.44	8.53	2.28
283	10.49	8.54	2.29
284	10.50	8.54	2.29
285	10.51	8.54	2.29
286	10.54	8.54	2.29
287	10.55	8.56	2.30
288	10.57	8.56	2.30
289	10.57	8.58	2.30
290	10.58	8.58	2.30
291	10.60	8.60	2.30
292	10.66	8.61	2.31
293	10.70	8.65	2.31
294	10.70	8.72	2.31
295	10.70	8.72	2.31
296	10.72	8.73	2.31
297	10.73	8.73	2.32
298	10.77	8.74	2.32
299	10.81	8.76	2.35
300	10.81	8.82	2.35
301	10.88	8.85	2.35
302	10.97	8.86	2.35
303	11.01	8.86	2.36
304	11.04	8.86	2.37
305	11.09	8.87	2.38
306	11.12	8.91	2.39
307	11.13	8.91	2.39
308	11.14	8.97	2.41
309	11.18	8.98	2.42
310	11.27	9.02	2.42
311	11.27	9.04	2.43
312	11.30	9.04	2.43
313	11.30	9.04	2.46
314	11.32	9.05	2.47
315	11.33	9.05	2.47
316	11.41	9.07	2.48
317	11.52	9.10	2.48
318	11.58	9.11	2.48
319	11.63	9.16	2.49
320	11.65	9.18	2.50
321	11.70	9.23	2.50
322	11.78	9.26	2.50
323	11.85	9.30	2.50
324	11.86	9.34	2.51
325	11.93	9.34	2.51
326	11.96	9.37	2.51
327	12.05	9.45	2.52
328	12.07	9.49	2.52
329	12.08	9.49	2.52
330	12.11	9.50	2.53
331	12.13	9.68	2.53
332	12.20	9.71	2.54
333	12.20	9.76	2.55
334	12.33	9.80	2.55
335	12.37	9.84	2.58
336	12.41	9.88	2.58
337	12.45	9.90	2.58
338	12.50	9.94	2.58
339	12.53	9.94	2.59
340	12.59	9.99	2.59
341	12.60	10.00	2.61
342	12.73	10.03	2.62
343	12.79	10.04	2.63
344	12.84	10.13	2.64
345	12.89	10.20	2.64
346	12.92	10.27	2.65
347	12.95	10.35	2.65
348	13.16	10.42	2.66
349	13.21	10.44	2.66
350	13.21	10.47	2.66
351	13.23	10.52	2.67
352	13.24	10.52	2.67
353	13.24	10.52	2.68
354	13.37	10.56	2.69
355	13.51	10.57	2.69
356	13.69	10.57	2.70
357	13.75	10.62	2.70
358	13.75	10.75	2.71
359	13.87	10.92	2.71
360	14.07	11.01	2.72
361	14.24	11.14	2.73
362	14.44	11.22	2.74
363	14.44	11.25	2.75
364	14.45	11.85	2.75
365	14.48	12.01	2.75
366	14.51	12.02	2.76
367	14.56	12.49	2.76
368	14.88	12.53	2.77
369	14.99	12.60	2.77
370	15.16	12.66	2.78
371	15.32	12.80	2.79
372	15.45	12.83	2.79
373	15.46	12.83	2.79
374	15.51	12.84	2.80
375	15.76	12.85	2.81
376	15.80	12.86	2.82
377	15.80	12.87	2.82
378	15.82	12.87	2.83
379	16.02	13.06	2.83
380	16.06	13.09	2.84
381	16.44	13.13	2.85
382	16.68	13.39	2.87
383	16.69	13.63	2.87
384	17.34	13.87	2.88
385	18.01	13.94	2.89
386	18.26	14.00	2.89
387	18.32	14.19	2.90
388	18.57	14.32	2.90
389	18.89	14.39	2.92
390	18.93	14.43	2.93
391	18.94	14.52	2.93
392	19.46	15.03	2.94
393	20.66	15.33	2.96
394	21.08	15.86	3.00
395	22.55	16.07	3.00
396	22.89	17.46	3.03
397	23.71	17.52	3.03
398	24.55	18.09	3.04
399	24.61	18.29	3.06
400	27.55	18.33	3.07
401	28.28	19.42	3.08
402	28.51	21.95	3.09
403	28.67	22.63	3.11
404	28.82	24.67	3.12
405	30.74	24.92	3.14
406	30.89	24.96	3.14
407	32.36	27.38	3.15
408	32.73	28.30	3.16
409	34.19	30.04	3.17
410	34.88	30.41	3.17
411	35.68	30.82	3.17
412	35.68	31.58	3.20
413	35.69	31.85	3.23
414	35.79	32.23	3.24
415	36.00	32.29	3.24
416	36.11	32.59	3.26
417	36.46	32.97	3.26
418	37.13	33.10	3.29
419	37.83	33.71	3.30
420	37.90	34.13	3.33
421	38.23	34.41	3.36
422	38.28	34.50	3.37
423	39.23	35.07	3.37
424	39.32	36.35	3.38
425	40.14	36.54	3.40
426	40.16	36.63	3.40
427	40.68	37.37	3.40
428	43.15	38.10	3.41
429	43.58	39.08	3.45
430	44.02	39.50	3.46
431	49.28	45.65	3.49
432	50.09	45.83	3.50
433	50.40	47.59	3.52
434	57.65	51.75	3.58
435	57.74	52.58	3.62
436	58.04	53.79	3.65
437	58.32	54.92	3.66
438	58.47	55.19	3.67
439	59.50	55.39	3.67
440	60.22	55.72	3.68
441	61.24	55.85	3.69
442	61.84	56.72	3.76
443	62.08	56.92	3.80
444	62.13	57.00	3.81
445	62.24	57.10	3.83
446	62.77	57.27	3.84
447	62.84	57.27	3.85
448	63.04	57.73	3.85
449	63.06	58.01	3.87
450	63.29	58.07	3.96
451	63.50	58.11	3.98
452	63.57	58.15	4.00
453	63.61	58.29	4.00
454	63.72	58.38	4.01
455	63.72	58.54	4.01
456	63.93	58.59	4.01
457	64.07	58.63	4.08
458	64.19	58.63	4.15
459	64.41	58.66	4.19
460	64.56	58.73	4.20
461	64.65	58.83	4.21
462	64.92	58.88	4.22
463	65.07	58.94	4.23
464	65.53	59.14	4.23
465	66.03	59.52	4.25
466	66.65	59.57	4.27
467	66.79	59.70	4.30
468	67.96	59.82	4.36
469	68.17	59.95	4.39
470	69.49	60.72	4.39
471	71.32	61.18	4.44
472	72.74	61.84	4.46
473	73.84	62.09	4.47
474	75.76	62.33	4.47
475	75.82	63.26	4.47
476	77.04	68.67	4.50
477	77.97	70.66	4.51
478	78.26	71.43	4.58
479	79.12	71.59	4.62
480	79.72	71.67	4.67
481	79.73	72.28	4.71
482	79.80	72.57	4.79
483	82.77	72.71	4.85
484	83.69	73.71	4.94
485	84.35	74.18	5.04
486	84.93	75.01	5.05
487	84.99	75.77	5.12
488	85.52	76.41	5.13
489	88.71	76.56	5.24
490	89.13	77.72	5.51
491	91.26	78.28	5.59
492	97.02	79.06	5.81
493	97.68	81.74	7.11
494	97.75	88.00	7.25
495	100.60	88.20	7.99
496	101.92	91.31	8.18
497	102.49	91.70	8.66
498	103.78	92.56	9.01
499	108.23	108.26	9.09
500	121.00	109.97	9.73
501	142.15	127.14	10.69
502	177.35	159.67	12.73
503	201.87	179.87	15.24
504	203.57	182.60	20.10
505	9875.66	8501.26	45.90
