Policy	Miner	Reducer
0	46.79	0.00
1	62.15	0.00
2	72.91	0.00
3	75.34	0.00
4	76.49	1.67
5	76.57	1.72
6	76.71	1.80
7	77.41	1.83
8	78.44	1.87
9	78.93	1.88
10	79.92	1.88
11	80.89	1.90
12	81.36	1.91
13	81.54	1.92
14	83.05	1.98
15	83.34	1.98
16	83.92	1.99
17	84.17	2.00
18	84.23	2.00
19	86.83	2.01
20	86.95	2.02
21	87.05	2.03
22	87.91	2.03
23	87.93	2.05
24	88.05	2.06
25	88.16	2.08
26	88.42	2.09
27	88.46	2.10
28	88.93	2.10
29	88.94	2.14
30	89.03	2.15
31	89.10	2.15
32	89.17	2.15
33	89.17	2.17
34	89.20	2.22
35	89.26	2.24
36	89.28	2.30
37	89.28	2.50
38	89.36	2.52
39	89.37	2.54
40	89.50	2.66
41	89.53	2.68
42	89.55	2.68
43	89.59	2.72
44	89.60	2.75
45	89.64	2.81
46	89.66	2.85
47	89.66	2.94
48	89.73	2.99
49	89.76	3.01
50	89.76	3.01
51	89.79	3.11
52	89.81	3.54
53	89.82	3.54
54	89.83	3.60
55	89.85	3.82
56	89.88	4.05
57	89.93	4.05
58	89.94	4.08
59	89.94	4.19
60	89.95	4.24
61	89.97	4.27
62	89.97	4.36
63	89.97	4.36
64	89.98	4.38
65	89.98	4.40
66	90.02	4.40
67	90.03	4.41
68	90.06	4.42
69	90.07	4.42
70	90.08	4.44
71	90.10	4.44
72	90.14	4.45
73	90.15	4.46
74	90.15	4.46
75	90.16	4.46
76	90.17	4.47
77	90.17	4.47
78	90.18	4.47
79	90.19	4.48
80	90.20	4.48
81	90.22	4.49
82	90.22	4.49
83	90.22	4.50
84	90.22	4.50
85	90.22	4.50
86	90.34	4.50
87	90.35	4.51
88	90.37	4.51
89	90.38	4.52
90	90.41	4.52
91	90.43	4.52
92	90.45	4.52
93	90.46	4.52
94	90.49	4.53
95	90.51	4.53
96	90.54	4.55
97	90.54	4.55
98	90.55	4.55
99	90.58	4.55
100	90.64	4.55
101	90.64	4.56
102	90.71	4.56
103	90.71	4.56
104	90.71	4.56
105	90.72	4.57
106	90.73	4.57
107	90.75	4.57
108	90.76	4.57
109	90.76	4.58
110	90.77	4.58
111	90.77	4.58
112	90.78	4.58
113	90.78	4.59
114	90.79	4.59
115	90.79	4.59
116	90.80	4.59
117	90.82	4.59
118	90.83	4.60
119	90.83	4.62
120	90.84	4.62
121	90.85	4.63
122	90.86	4.63
123	90.88	4.64
124	90.88	4.64
125	90.92	4.64
126	90.93	4.64
127	90.93	4.64
128	90.94	4.65
129	90.94	4.65
130	90.95	4.65
131	90.95	4.66
132	90.95	4.66
133	90.97	4.66
134	90.97	4.66
135	90.98	4.66
136	90.98	4.67
137	90.99	4.67
138	91.00	4.67
139	91.03	4.68
140	91.05	4.68
141	91.07	4.68
142	91.07	4.68
143	91.08	4.69
144	91.08	4.69
145	91.09	4.69
146	91.10	4.69
147	91.11	4.70
148	91.11	4.71
149	91.12	4.71
150	91.13	4.72
151	91.15	4.73
152	91.16	4.74
153	91.16	4.75
154	91.16	4.75
155	91.20	4.75
156	91.20	4.76
157	91.21	4.76
158	91.22	4.78
159	91.23	4.79
160	91.23	4.79
161	91.23	4.79
162	91.24	4.79
163	91.24	4.79
164	91.25	4.79
165	91.26	4.80
166	91.26	4.80
167	91.26	4.81
168	91.27	4.81
169	91.27	4.83
170	91.30	4.83
171	91.30	4.84
172	91.30	4.84
173	91.31	4.84
174	91.32	4.84
175	91.33	4.84
176	91.34	4.84
177	91.35	4.84
178	91.36	4.85
179	91.37	4.86
180	91.38	4.87
181	91.38	4.88
182	91.39	4.89
183	91.40	4.89
184	91.41	4.89
185	91.43	4.91
186	91.48	4.93
187	91.52	4.93
188	91.53	4.94
189	91.54	4.95
190	91.55	4.95
191	91.56	4.95
192	91.57	4.96
193	91.58	4.97
194	91.60	4.97
195	91.60	4.97
196	91.60	4.99
197	91.62	4.99
198	91.62	5.00
199	91.63	5.01
200	91.63	5.01
201	91.66	5.01
202	91.67	5.01
203	91.69	5.02
204	91.69	5.03
205	91.72	5.05
206	91.74	5.06
207	91.75	5.08
208	91.75	5.08
209	91.78	5.09
210	91.82	5.11
211	91.83	5.11
212	91.84	5.13
213	91.85	5.14
214	91.93	5.14
215	91.95	5.14
216	92.01	5.17
217	92.04	5.18
218	92.06	5.18
219	92.06	5.18
220	92.09	5.19
221	92.11	5.19
222	92.13	5.21
223	92.14	5.21
224	92.19	5.21
225	92.32	5.21
226	92.34	5.21
227	92.35	5.22
228	92.39	5.22
229	92.41	5.24
230	92.42	5.24
231	92.48	5.28
232	92.48	5.43
233	92.49	5.44
234	92.51	5.51
235	92.52	5.52
236	92.52	5.61
237	92.53	5.66
238	92.55	5.88
239	92.55	6.02
240	92.56	6.28
241	92.56	6.36
242	92.56	6.38
243	92.59	6.40
244	92.59	6.41
245	92.59	6.41
246	92.62	6.45
247	92.62	6.46
248	92.62	6.46
249	92.65	6.48
250	92.69	6.48
251	92.70	6.48
252	92.72	6.49
253	92.72	6.50
254	92.74	6.53
255	92.74	6.53
256	92.75	6.54
257	92.80	6.54
258	92.81	6.55
259	92.84	6.56
260	92.84	6.56
261	92.85	6.57
262	92.86	6.58
263	92.86	6.58
264	92.91	6.59
265	92.93	6.60
266	92.95	6.60
267	92.96	6.62
268	92.98	6.63
269	93.00	6.67
270	93.01	6.67
271	93.01	6.67
272	93.03	6.67
273	93.06	6.67
274	93.06	6.68
275	93.07	6.68
276	93.08	6.68
277	93.09	6.68
278	93.09	6.69
279	93.12	6.69
280	93.13	6.70
281	93.16	6.71
282	93.17	6.71
283	93.17	6.72
284	93.19	6.72
285	93.20	6.72
286	93.23	6.72
287	93.23	6.73
288	93.24	6.78
289	93.34	6.78
290	93.34	6.78
291	93.36	6.82
292	93.39	6.83
293	93.45	6.83
294	93.47	6.84
295	93.49	6.86
296	93.49	6.86
297	93.51	6.86
298	93.52	6.87
299	93.62	6.88
300	93.69	6.88
301	93.70	6.89
302	93.73	6.90
303	93.78	6.90
304	93.81	6.91
305	93.83	6.92
306	93.84	6.92
307	93.86	6.93
308	93.87	6.94
309	93.87	6.95
310	93.92	6.98
311	93.93	6.99
312	93.93	7.01
313	93.94	7.02
314	93.95	7.02
315	93.98	7.02
316	94.00	7.05
317	94.08	7.07
318	94.09	7.07
319	94.13	7.11
320	94.15	7.13
321	94.20	7.13
322	94.31	7.14
323	94.32	7.14
324	94.35	7.18
325	94.41	7.18
326	94.41	7.18
327	94.46	7.23
328	94.48	7.23
329	94.50	7.25
330	94.52	7.25
331	94.54	7.25
332	94.67	7.25
333	94.72	7.26
334	94.74	7.27
335	94.77	7.29
336	94.80	7.29
337	94.82	7.29
338	94.90	7.29
339	94.90	7.35
340	94.93	7.35
341	94.93	7.36
342	94.95	7.38
343	95.00	7.40
344	95.04	7.41
345	95.04	7.42
346	95.05	7.42
347	95.09	7.43
348	95.10	7.44
349	95.11	7.44
350	95.12	7.46
351	95.16	7.46
352	95.18	7.46
353	95.19	7.47
354	95.20	7.48
355	95.22	7.48
356	95.25	7.50
357	95.25	7.51
358	95.26	7.52
359	95.36	7.54
360	95.40	7.54
361	95.42	7.54
362	95.43	7.54
363	95.50	7.58
364	95.57	7.58
365	95.64	7.60
366	95.67	7.61
367	95.71	7.62
368	95.71	7.64
369	95.73	7.67
370	95.76	7.69
371	95.76	7.69
372	95.80	7.71
373	95.80	7.77
374	95.82	7.79
375	95.82	7.79
376	95.87	7.79
377	95.96	7.80
378	95.97	7.82
379	95.98	7.84
380	95.98	7.85
381	96.05	7.85
382	96.06	7.86
383	96.06	7.87
384	96.06	7.87
385	96.09	7.89
386	96.09	7.91
387	96.20	7.93
388	96.22	7.93
389	96.25	7.94
390	96.27	7.95
391	96.28	7.96
392	96.28	7.96
393	96.28	7.97
394	96.30	7.98
395	96.31	7.99
396	96.38	8.00
397	96.38	8.00
398	96.41	8.00
399	96.45	8.05
400	96.46	8.08
401	96.50	8.10
402	96.54	8.12
403	96.58	8.14
404	96.64	8.18
405	96.69	8.18
406	96.75	8.22
407	96.76	8.22
408	96.83	8.28
409	96.94	8.30
410	97.02	8.42
411	97.09	8.43
412	97.15	8.53
413	97.23	8.63
414	97.32	8.65
415	97.32	8.67
416	97.48	8.71
417	97.53	8.72
418	97.54	8.91
419	97.59	8.97
420	97.63	8.99
421	97.63	9.09
422	97.64	9.09
423	97.70	9.09
424	97.79	9.31
425	97.81	9.37
426	97.82	9.37
427	97.94	9.38
428	98.10	9.40
429	98.19	9.49
430	98.20	9.52
431	98.21	9.57
432	98.25	9.61
433	98.27	9.63
434	98.28	9.66
435	98.34	9.72
436	98.35	9.74
437	98.36	9.82
438	98.37	9.84
439	98.37	9.86
440	98.37	9.90
441	98.40	9.91
442	98.40	9.93
443	98.42	9.93
444	98.43	9.93
445	98.43	9.95
446	98.43	9.98
447	98.44	9.98
448	98.45	10.23
449	98.46	10.28
450	98.47	10.30
451	98.47	10.35
452	98.48	10.39
453	98.49	10.64
454	98.50	10.68
455	98.50	10.75
456	98.51	11.01
457	98.51	11.36
458	98.51	11.90
459	98.52	11.99
460	98.52	12.22
461	98.53	12.37
462	98.54	12.37
463	98.55	12.99
464	98.56	13.33
465	98.56	13.37
466	98.56	13.45
467	98.60	13.55
468	98.60	13.57
469	98.60	13.93
470	98.61	14.07
471	98.61	14.18
472	98.62	14.23
473	98.62	14.23
474	98.63	14.26
475	98.63	14.34
476	98.64	14.35
477	98.64	14.39
478	98.64	15.16
479	98.64	15.21
480	98.65	15.38
481	98.65	15.44
482	98.65	16.00
483	98.66	16.12
484	98.66	16.12
485	98.66	16.18
486	98.67	16.48
487	98.67	16.96
488	98.68	17.14
489	98.68	17.52
490	98.69	17.65
491	98.69	17.67
492	98.70	17.87
493	98.71	18.13
494	98.73	18.38
495	98.74	19.26
496	98.74	19.31
497	98.76	19.54
498	98.76	19.76
499	98.84	19.84
500	98.90	20.53
501	98.97	21.60
502	99.01	24.47
503	99.20	33.62
504	99.38	47.80
505	99.70	61.69
