Policy	A	B
0	3.52	0.92
1	3.69	0.96
2	3.91	1.02
3	3.99	1.04
4	4.09	1.05
5	4.28	1.05
6	4.40	1.09
7	4.42	1.10
8	4.45	1.11
9	4.57	1.15
10	4.70	1.15
11	4.70	1.15
12	4.73	1.16
13	4.75	1.16
14	4.76	1.18
15	4.77	1.20
16	4.80	1.20
17	4.88	1.21
18	4.91	1.21
19	4.92	1.21
20	4.97	1.21
21	5.01	1.22
22	5.02	1.24
23	5.02	1.24
24	5.05	1.24
25	5.06	1.24
26	5.10	1.26
27	5.18	1.27
28	5.21	1.27
29	5.25	1.27
30	5.25	1.28
31	5.25	1.28
32	5.27	1.29
33	5.31	1.29
34	5.33	1.29
35	5.34	1.30
36	5.36	1.31
37	5.38	1.31
38	5.38	1.32
39	5.39	1.32
40	5.40	1.33
41	5.43	1.33
42	5.50	1.35
43	5.54	1.37
44	5.57	1.37
45	5.58	1.37
46	5.60	1.38
47	5.63	1.38
48	5.67	1.38
49	5.70	1.39
50	5.72	1.39
51	5.72	1.39
52	5.74	1.39
53	5.74	1.39
54	5.74	1.40
55	5.76	1.40
56	5.76	1.40
57	5.78	1.41
58	5.80	1.41
59	5.82	1.41
60	5.85	1.41
61	5.85	1.42
62	5.85	1.42
63	5.87	1.42
64	5.88	1.42
65	5.88	1.42
66	5.89	1.43
67	5.90	1.44
68	5.90	1.44
69	5.91	1.44
70	5.93	1.45
71	5.93	1.45
72	5.96	1.45
73	5.99	1.45
74	6.00	1.45
75	6.01	1.46
76	6.05	1.46
77	6.05	1.46
78	6.06	1.46
79	6.06	1.47
80	6.08	1.47
81	6.08	1.47
82	6.09	1.48
83	6.10	1.48
84	6.10	1.48
85	6.12	1.48
86	6.12	1.48
87	6.13	1.48
88	6.14	1.49
89	6.14	1.49
90	6.16	1.49
91	6.17	1.49
92	6.20	1.49
93	6.22	1.50
94	6.24	1.50
95	6.28	1.51
96	6.29	1.51
97	6.30	1.51
98	6.32	1.51
99	6.33	1.51
100	6.35	1.51
101	6.35	1.51
102	6.36	1.52
103	6.37	1.52
104	6.37	1.52
105	6.38	1.52
106	6.38	1.53
107	6.39	1.53
108	6.39	1.53
109	6.40	1.53
110	6.42	1.54
111	6.45	1.54
112	6.45	1.54
113	6.45	1.55
114	6.46	1.55
115	6.47	1.55
116	6.47	1.56
117	6.47	1.56
118	6.47	1.56
119	6.48	1.56
120	6.50	1.56
121	6.51	1.56
122	6.51	1.57
123	6.51	1.57
124	6.52	1.57
125	6.53	1.57
126	6.53	1.58
127	6.53	1.58
128	6.53	1.58
129	6.54	1.58
130	6.54	1.58
131	6.56	1.59
132	6.57	1.59
133	6.57	1.59
134	6.57	1.59
135	6.59	1.59
136	6.60	1.60
137	6.60	1.60
138	6.61	1.60
139	6.61	1.60
140	6.63	1.60
141	6.63	1.60
142	6.63	1.60
143	6.64	1.60
144	6.64	1.61
145	6.65	1.61
146	6.67	1.61
147	6.67	1.61
148	6.68	1.61
149	6.69	1.61
150	6.69	1.62
151	6.70	1.62
152	6.71	1.62
153	6.74	1.62
154	6.74	1.63
155	6.74	1.63
156	6.76	1.63
157	6.77	1.63
158	6.77	1.63
159	6.78	1.64
160	6.82	1.64
161	6.82	1.64
162	6.82	1.64
163	6.83	1.64
164	6.86	1.65
165	6.90	1.65
166	6.91	1.65
167	6.93	1.65
168	6.94	1.65
169	6.96	1.65
170	6.96	1.66
171	6.99	1.66
172	7.00	1.66
173	7.00	1.67
174	7.03	1.67
175	7.03	1.68
176	7.06	1.68
177	7.08	1.68
178	7.09	1.69
179	7.09	1.69
180	7.12	1.69
181	7.12	1.69
182	7.13	1.70
183	7.15	1.70
184	7.17	1.70
185	7.21	1.71
186	7.22	1.71
187	7.26	1.71
188	7.26	1.71
189	7.28	1.71
190	7.29	1.71
191	7.31	1.72
192	7.33	1.73
193	7.40	1.73
194	7.46	1.73
195	7.47	1.73
196	7.49	1.73
197	7.50	1.73
198	7.55	1.74
199	7.60	1.74
200	7.60	1.74
201	7.63	1.74
202	7.63	1.75
203	7.71	1.75
204	7.71	1.75
205	7.77	1.75
206	7.81	1.75
207	7.88	1.75
208	7.88	1.75
209	7.90	1.75
210	7.95	1.75
211	7.97	1.76
212	8.04	1.76
213	8.13	1.76
214	8.15	1.76
215	8.15	1.76
216	8.27	1.76
217	8.31	1.77
218	8.40	1.77
219	8.44	1.77
220	8.51	1.77
221	8.71	1.78
222	8.71	1.78
223	8.73	1.78
224	8.75	1.78
225	8.81	1.78
226	8.83	1.79
227	8.95	1.79
228	8.96	1.79
229	9.00	1.80
230	9.08	1.80
231	9.16	1.80
232	9.23	1.80
233	9.46	1.80
234	9.55	1.80
235	9.65	1.81
236	9.73	1.81
237	9.76	1.81
238	9.85	1.82
239	9.88	1.82
240	9.89	1.82
241	9.96	1.83
242	9.97	1.83
243	10.09	1.84
244	10.09	1.84
245	10.15	1.84
246	10.16	1.84
247	10.19	1.84
248	10.27	1.84
249	10.29	1.85
250	10.38	1.85
251	10.41	1.86
252	10.44	1.86
253	10.50	1.86
254	10.50	1.86
255	10.55	1.87
256	10.55	1.87
257	10.59	1.87
258	10.65	1.87
259	10.69	1.87
260	10.69	1.88
261	10.75	1.88
262	10.82	1.88
263	10.83	1.88
264	10.90	1.88
265	10.90	1.88
266	10.93	1.88
267	10.95	1.89
268	10.97	1.90
269	11.00	1.90
270	11.01	1.90
271	11.05	1.90
272	11.08	1.91
273	11.08	1.91
274	11.14	1.91
275	11.19	1.92
276	11.22	1.92
277	11.22	1.93
278	11.23	1.93
279	11.25	1.94
280	11.27	1.94
281	11.28	1.94
282	11.31	1.94
283	11.33	1.95
284	11.34	1.95
285	11.38	1.95
286	11.39	1.95
287	11.39	1.97
288	11.40	1.98
289	11.40	1.98
290	11.43	1.98
291	11.44	1.98
292	11.47	1.98
293	11.61	1.99
294	11.62	1.99
295	11.68	1.99
296	11.69	1.99
297	11.71	1.99
298	11.72	2.00
299	11.72	2.01
300	11.73	2.01
301	11.79	2.01
302	11.79	2.01
303	11.82	2.02
304	11.82	2.02
305	11.82	2.02
306	11.83	2.02
307	12.00	2.02
308	12.02	2.03
309	12.05	2.03
310	12.05	2.04
311	12.05	2.04
312	12.09	2.04
313	12.10	2.04
314	12.12	2.05
315	12.12	2.05
316	12.15	2.05
317	12.18	2.05
318	12.18	2.06
319	12.19	2.06
320	12.25	2.06
321	12.31	2.07
322	12.38	2.07
323	12.39	2.07
324	12.47	2.08
325	12.49	2.09
326	12.50	2.09
327	12.63	2.10
328	12.65	2.10
329	12.82	2.11
330	12.83	2.12
331	12.85	2.13
332	12.97	2.13
333	13.00	2.14
334	13.23	2.14
335	13.27	2.14
336	13.34	2.15
337	13.39	2.15
338	13.49	2.15
339	13.60	2.15
340	13.65	2.16
341	13.69	2.16
342	13.79	2.17
343	13.98	2.18
344	14.04	2.19
345	14.06	2.19
346	14.13	2.20
347	14.13	2.20
348	14.20	2.21
349	14.46	2.21
350	14.48	2.22
351	14.53	2.22
352	14.63	2.23
353	14.65	2.23
354	14.74	2.23
355	15.32	2.23
356	15.41	2.24
357	15.42	2.25
358	15.49	2.25
359	15.51	2.26
360	15.53	2.26
361	16.04	2.26
362	16.34	2.27
363	16.52	2.28
364	16.59	2.28
365	16.61	2.28
366	16.83	2.29
367	16.95	2.29
368	16.97	2.32
369	17.01	2.32
370	17.71	2.33
371	17.82	2.33
372	18.35	2.34
373	18.71	2.35
374	18.77	2.37
375	19.15	2.38
376	19.40	2.38
377	19.47	2.38
378	21.16	2.40
379	21.42	2.41
380	21.66	2.41
381	22.06	2.42
382	22.31	2.42
383	22.57	2.42
384	22.71	2.43
385	23.09	2.44
386	23.25	2.44
387	23.44	2.44
388	24.49	2.47
389	25.52	2.47
390	25.85	2.47
391	25.91	2.48
392	26.00	2.49
393	26.35	2.49
394	26.62	2.50
395	26.96	2.52
396	27.39	2.52
397	27.41	2.55
398	27.65	2.55
399	28.29	2.58
400	28.34	2.58
401	29.71	2.59
402	30.01	2.60
403	30.74	2.63
404	31.63	2.64
405	32.09	2.66
406	33.64	2.66
407	34.52	2.68
408	36.10	2.69
409	36.64	2.72
410	40.02	2.75
411	40.18	2.75
412	40.77	2.76
413	42.98	2.83
414	44.01	2.84
415	44.28	2.87
416	44.73	2.88
417	46.62	2.88
418	46.68	2.89
419	47.56	2.92
420	47.77	2.92
421	49.51	2.94
422	50.24	2.96
423	50.77	2.98
424	52.04	2.99
425	53.48	2.99
426	53.54	3.04
427	54.04	3.07
428	54.18	3.13
429	54.38	3.15
430	55.12	3.15
431	55.46	3.16
432	55.95	3.17
433	56.18	3.18
434	57.04	3.19
435	57.21	3.20
436	57.79	3.20
437	58.73	3.20
438	59.16	3.23
439	59.19	3.27
440	59.22	3.29
441	59.58	3.32
442	62.61	3.33
443	63.28	3.33
444	64.33	3.43
445	64.84	3.44
446	65.00	3.44
447	66.85	3.46
448	67.79	3.46
449	69.67	3.46
450	70.46	3.47
451	70.66	3.51
452	74.31	3.51
453	74.33	3.55
454	75.41	3.55
455	75.55	3.59
456	77.06	3.62
457	77.46	3.64
458	77.64	3.64
459	78.48	3.70
460	79.74	3.71
461	80.22	3.72
462	80.38	3.74
463	80.77	3.74
464	81.20	3.79
465	81.25	3.83
466	81.74	3.86
467	81.87	3.86
468	82.11	3.89
469	82.27	3.92
470	82.62	3.93
471	83.02	4.00
472	84.04	4.03
473	84.17	4.09
474	84.82	4.09
475	85.02	4.11
476	85.16	4.13
477	85.69	4.17
478	85.78	4.19
479	87.42	4.21
480	87.57	4.29
481	88.08	4.40
482	89.05	4.41
483	89.11	4.46
484	89.65	4.56
485	90.12	4.56
486	90.29	4.82
487	90.62	4.82
488	92.59	4.88
489	92.90	5.06
490	94.05	5.51
491	97.36	5.61
492	97.37	5.72
493	97.41	5.81
494	98.90	6.38
495	99.11	6.69
496	102.24	6.89
497	103.28	7.44
498	103.56	7.90
499	106.52	8.05
500	107.60	9.78
501	113.49	12.15
502	113.84	12.98
503	118.17	13.20
504	132.14	20.75
505	9343.95	38.59
