NumberStatement	NumberMCI	NumberRRI	MCISolvingRoundAverage	TotalTimeAverage	MCILabelsTimeAverage	MCIOperationsTimeAverage	RRIOperationsTimeAverage	RRIILPSolvingTimeAverage
1	1	1	16	19.12	15.68	0.45	0.14	2.84
2	4	2	36	41.86	36.95	1.05	0.35	3.52
3	9	3	64	56.33	48.37	2.20	1.62	4.15
4	16	4	100	97.10	82.82	3.80	6.37	4.12
5	25	5	144	161.57	136.10	6.24	14.82	4.42
6	36	6	196	242.08	193.57	11.07	31.64	5.80
7	49	7	256	315.58	225.83	15.34	63.36	11.05
8	64	8	324	518.88	315.04	20.60	162.65	20.59
9	81	9	400	782.16	363.18	26.40	354.40	38.18
10	100	10	484	1354.23	541.91	29.38	713.89	69.05
11	121	11	576	2362.29	669.23	39.07	1534.12	119.87
12	144	12	676	4003.95	1123.11	49.54	2625.51	205.79
13	169	13	784	6829.40	1569.27	63.33	4857.60	339.19
14	196	14	900	10744.45	1788.94	78.04	8316.67	560.80
15	225	15	1024	15937.31	2245.97	96.81	12671.12	923.42
