NumberStatement	NumberMCI	NumberRRI	MCISolvingRoundAverage	TotalTimeAverage	MCILabelsTimeAverage	MCIOperationsTimeAverage	RRIOperationsTimeAverage	RRIILPSolvingTimeAverage
1	1	1	32	17.48	14.94	2.27	0.27	0.00
2	4	2	108	49.36	34.47	14.49	0.40	0.00
3	9	3	250	76.14	47.94	27.88	0.32	0.00
4	16	4	482	125.82	77.99	47.43	0.40	0.00
5	25	5	825	193.26	113.47	79.26	0.53	0.00
6	36	6	1296	320.01	176.21	143.03	0.78	0.00
7	49	7	1918	434.48	205.06	228.23	1.19	0.00
8	64	8	2712	719.08	290.31	426.98	1.79	0.00
9	81	9	3701	1021.79	371.18	648.27	2.33	0.00
10	100	10	4903	1489.32	496.06	990.32	2.94	0.00
11	121	11	6322	2300.27	723.76	1572.91	3.60	0.00
12	144	12	8020	3451.94	1112.31	2334.81	4.82	0.00
13	169	13	9987	4753.51	1457.04	3290.54	5.93	0.00
14	196	14	12254	6487.41	1760.49	4719.92	7.00	0.00
15	225	15	14837	8587.14	2088.18	6490.60	8.35	0.00
