NumberStatement	NumberMCI	NumberRRI	MCISolvingRoundAverage	TotalTimeAverage	MCILabelsTimeAverage	MCIOperationsTimeAverage	RRIOperationsTimeAverage	RRIILPSolvingTimeAverage
1	1	1	16	17.55	14.68	0.81	0.09	1.97
2	4	2	36	39.26	32.26	3.38	0.30	3.32
3	9	3	64	60.72	47.44	8.71	1.23	3.35
4	16	4	100	96.41	73.94	15.41	3.49	3.57
5	25	5	144	154.43	120.20	22.31	7.92	4.00
6	36	6	196	241.07	182.94	32.52	19.87	5.74
7	49	7	256	318.69	215.35	39.96	52.33	11.06
8	64	8	324	525.97	306.65	57.10	142.26	19.95
9	81	9	400	832.54	399.52	77.10	318.73	37.19
10	100	10	484	1356.30	528.33	102.83	658.29	66.85
11	121	11	576	2391.53	713.13	152.29	1408.65	117.46
12	144	12	676	3974.01	1125.62	208.92	2438.34	201.14
13	169	13	784	6539.42	1546.12	279.91	4383.01	330.38
14	196	14	900	10268.54	1763.18	383.19	7582.38	539.80
15	225	15	1024	15287.29	2195.58	510.86	11707.59	873.26
