0.000920
0.000960
0.001020
0.001040
0.001050
0.001050
0.001090
0.001100
0.001110
0.001150
0.001150
0.001150
0.001160
0.001160
0.001180
0.001200
0.001200
0.001210
0.001210
0.001210
0.001210
0.001220
0.001240
0.001240
0.001240
0.001240
0.001260
0.001270
0.001270
0.001270
0.001280
0.001280
0.001290
0.001290
0.001290
0.001300
0.001310
0.001310
0.001320
0.001320
0.001330
0.001330
0.001350
0.001370
0.001370
0.001370
0.001380
0.001380
0.001380
0.001390
0.001390
0.001390
0.001390
0.001390
0.001400
0.001400
0.001400
0.001410
0.001410
0.001410
0.001410
0.001420
0.001420
0.001420
0.001420
0.001420
0.001430
0.001440
0.001440
0.001440
0.001450
0.001450
0.001450
0.001450
0.001450
0.001460
0.001460
0.001460
0.001460
0.001470
0.001470
0.001470
0.001480
0.001480
0.001480
0.001480
0.001480
0.001480
0.001490
0.001490
0.001490
0.001490
0.001490
0.001500
0.001500
0.001510
0.001510
0.001510
0.001510
0.001510
0.001510
0.001510
0.001520
0.001520
0.001520
0.001520
0.001530
0.001530
0.001530
0.001530
0.001540
0.001540
0.001540
0.001550
0.001550
0.001550
0.001560
0.001560
0.001560
0.001560
0.001560
0.001560
0.001570
0.001570
0.001570
0.001570
0.001580
0.001580
0.001580
0.001580
0.001580
0.001590
0.001590
0.001590
0.001590
0.001590
0.001600
0.001600
0.001600
0.001600
0.001600
0.001600
0.001600
0.001600
0.001610
0.001610
0.001610
0.001610
0.001610
0.001610
0.001620
0.001620
0.001620
0.001620
0.001630
0.001630
0.001630
0.001630
0.001630
0.001640
0.001640
0.001640
0.001640
0.001640
0.001650
0.001650
0.001650
0.001650
0.001650
0.001650
0.001660
0.001660
0.001660
0.001670
0.001670
0.001680
0.001680
0.001680
0.001690
0.001690
0.001690
0.001690
0.001700
0.001700
0.001700
0.001710
0.001710
0.001710
0.001710
0.001710
0.001710
0.001720
0.001730
0.001730
0.001730
0.001730
0.001730
0.001730
0.001740
0.001740
0.001740
0.001740
0.001750
0.001750
0.001750
0.001750
0.001750
0.001750
0.001750
0.001750
0.001750
0.001760
0.001760
0.001760
0.001760
0.001760
0.001760
0.001770
0.001770
0.001770
0.001770
0.001780
0.001780
0.001780
0.001780
0.001780
0.001790
0.001790
0.001790
0.001800
0.001800
0.001800
0.001800
0.001800
0.001800
0.001810
0.001810
0.001810
0.001820
0.001820
0.001820
0.001830
0.001830
0.001840
0.001840
0.001840
0.001840
0.001840
0.001840
0.001850
0.001850
0.001860
0.001860
0.001860
0.001860
0.001870
0.001870
0.001870
0.001870
0.001870
0.001880
0.001880
0.001880
0.001880
0.001880
0.001880
0.001880
0.001890
0.001900
0.001900
0.001900
0.001900
0.001910
0.001910
0.001910
0.001920
0.001920
0.001930
0.001930
0.001940
0.001940
0.001940
0.001940
0.001950
0.001950
0.001950
0.001950
0.001970
0.001980
0.001980
0.001980
0.001980
0.001980
0.001990
0.001990
0.001990
0.001990
0.001990
0.002000
0.002010
0.002010
0.002010
0.002010
0.002020
0.002020
0.002020
0.002020
0.002020
0.002030
0.002030
0.002040
0.002040
0.002040
0.002040
0.002050
0.002050
0.002050
0.002050
0.002060
0.002060
0.002060
0.002070
0.002070
0.002070
0.002080
0.002090
0.002090
0.002100
0.002100
0.002110
0.002120
0.002130
0.002130
0.002140
0.002140
0.002140
0.002150
0.002150
0.002150
0.002150
0.002160
0.002160
0.002170
0.002180
0.002190
0.002190
0.002200
0.002200
0.002210
0.002210
0.002220
0.002220
0.002230
0.002230
0.002230
0.002230
0.002240
0.002250
0.002250
0.002260
0.002260
0.002260
0.002270
0.002280
0.002280
0.002280
0.002290
0.002290
0.002320
0.002320
0.002330
0.002330
0.002340
0.002350
0.002370
0.002380
0.002380
0.002380
0.002400
0.002410
0.002410
0.002420
0.002420
0.002420
0.002430
0.002440
0.002440
0.002440
0.002470
0.002470
0.002470
0.002480
0.002490
0.002490
0.002500
0.002520
0.002520
0.002550
0.002550
0.002580
0.002580
0.002590
0.002600
0.002630
0.002640
0.002660
0.002660
0.002680
0.002690
0.002720
0.002750
0.002750
0.002760
0.002830
0.002840
0.002870
0.002880
0.002880
0.002890
0.002920
0.002920
0.002940
0.002960
0.002980
0.002990
0.002990
0.003040
0.003070
0.003130
0.003150
0.003150
0.003160
0.003170
0.003180
0.003190
0.003200
0.003200
0.003200
0.003230
0.003270
0.003290
0.003320
0.003330
0.003330
0.003430
0.003440
0.003440
0.003460
0.003460
0.003460
0.003470
0.003510
0.003510
0.003550
0.003550
0.003590
0.003620
0.003640
0.003640
0.003700
0.003710
0.003720
0.003740
0.003740
0.003790
0.003830
0.003860
0.003860
0.003890
0.003920
0.003930
0.004000
0.004030
0.004090
0.004090
0.004110
0.004130
0.004170
0.004190
0.004210
0.004290
0.004400
0.004410
0.004460
0.004560
0.004560
0.004820
0.004820
0.004880
0.005060
0.005510
0.005610
0.005720
0.005810
0.006380
0.006690
0.006890
0.007440
0.007900
0.008050
0.009780
0.012150
0.012980
0.013200
0.020750
0.038590
