3600000.0 3600000.0 52.06 34.76
3600000.0 3600000.0 118.39 54.93
3600000.0 3600000.0 462.72 78.67
3600000.0 3600000.0 10682.04 136.32
3600000.0 3600000.0 306640.64 245.02
3600000.0 3600000.0 3600000.00 429.46
3600000.0 3600000.0 3600000.00 596.09
3600000.0 3600000.0 3600000.00 1018.29
3600000.0 3600000.0 3600000.00 1569.68
3600000.0 3600000.0 3600000.00 2446.55
3600000.0 3600000.0 3600000.00 4151.54
3600000.0 3600000.0 3600000.00 7528.63
3600000.0 3600000.0 3600000.00 11953.78
3600000.0 3600000.0 3600000.00 20321.52
3600000.0 3600000.0 3600000.00 32205.08
