NumberStatement	NumberMCI	NumberRRI	MCISolvingRoundAverage	TotalTimeAverage	MCILabelsTimeAverage	MCIOperationsTimeAverage	RRIOperationsTimeAverage	RRIILPSolvingTimeAverage
1	1	1	16	17.47	15.18	0.31	0.10	1.87
2	4	2	36	38.15	34.14	0.92	0.27	2.83
3	9	3	64	56.59	50.34	1.98	0.70	3.57
4	16	4	100	94.57	85.72	3.45	1.48	3.93
5	25	5	144	131.80	120.21	5.08	2.83	3.68
6	36	6	196	212.68	196.53	7.80	4.46	3.90
7	49	7	256	232.06	210.65	10.49	6.57	4.34
8	64	8	324	329.19	301.78	13.26	9.43	4.72
9	81	9	400	390.47	355.50	17.07	12.70	5.19
10	100	10	484	537.57	494.42	20.12	15.89	7.15
11	121	11	576	735.42	678.54	23.26	23.88	9.74
12	144	12	676	1166.35	1091.14	27.71	33.84	13.65
13	169	13	784	1605.97	1509.42	30.81	46.62	19.13
14	196	14	900	1871.48	1736.13	39.66	70.43	25.26
15	225	15	1024	2322.52	2129.74	43.13	115.56	34.08
