1848.3 650.6 44.12 19.66
10842.6 798.1 84.80 41.14
86036.4 1287.9 85.52 61.25
3600000.0 2881.9 205.91 93.06
3600000.0 7032.9 478.11 146.91
3600000.0 18137.9 1542.76 210.26
3600000.0 46016.4 5472.25 251.14
3600000.0 107720.9 11963.17 355.19
3600000.0 233795.4 57809.51 417.50
3600000.0 586262.3 98814.65 553.62
3600000.0 1291508.9 275619.34 821.58
3600000.0 3143018.3 998789.22 1283.56
3600000.0 3600000.0 1279065.28 1746.03
3600000.0 3600000.0 3600000.00 2071.21
3600000.0 3600000.0 3600000.00 2512.69
