0.001190
0.001270
0.001290
0.001300
0.001310
0.001310
0.001350
0.001370
0.001420
0.001430
0.001430
0.001450
0.001460
0.001480
0.001490
0.001490
0.001500
0.001520
0.001530
0.001530
0.001530
0.001540
0.001550
0.001550
0.001560
0.001570
0.001570
0.001580
0.001580
0.001610
0.001610
0.001610
0.001610
0.001620
0.001640
0.001640
0.001640
0.001650
0.001650
0.001650
0.001660
0.001660
0.001660
0.001660
0.001670
0.001680
0.001680
0.001690
0.001690
0.001690
0.001700
0.001700
0.001710
0.001710
0.001710
0.001710
0.001710
0.001710
0.001720
0.001720
0.001720
0.001720
0.001720
0.001730
0.001730
0.001740
0.001740
0.001750
0.001750
0.001760
0.001760
0.001760
0.001760
0.001760
0.001770
0.001770
0.001780
0.001780
0.001780
0.001780
0.001780
0.001780
0.001790
0.001790
0.001790
0.001790
0.001790
0.001790
0.001800
0.001800
0.001800
0.001800
0.001800
0.001800
0.001810
0.001810
0.001810
0.001810
0.001810
0.001810
0.001820
0.001820
0.001820
0.001830
0.001830
0.001830
0.001830
0.001830
0.001830
0.001840
0.001840
0.001850
0.001850
0.001860
0.001860
0.001870
0.001870
0.001870
0.001870
0.001870
0.001880
0.001880
0.001880
0.001880
0.001890
0.001890
0.001890
0.001900
0.001900
0.001900
0.001900
0.001900
0.001900
0.001900
0.001900
0.001910
0.001910
0.001910
0.001910
0.001910
0.001910
0.001920
0.001920
0.001920
0.001930
0.001930
0.001930
0.001930
0.001930
0.001930
0.001940
0.001940
0.001940
0.001940
0.001950
0.001950
0.001950
0.001950
0.001950
0.001950
0.001950
0.001950
0.001950
0.001960
0.001960
0.001960
0.001960
0.001960
0.001960
0.001970
0.001980
0.001980
0.001980
0.001990
0.001990
0.001990
0.001990
0.001990
0.001990
0.002000
0.002000
0.002000
0.002000
0.002000
0.002000
0.002000
0.002010
0.002010
0.002020
0.002020
0.002020
0.002020
0.002030
0.002030
0.002030
0.002030
0.002030
0.002040
0.002040
0.002040
0.002040
0.002040
0.002040
0.002050
0.002050
0.002060
0.002060
0.002060
0.002060
0.002070
0.002070
0.002070
0.002070
0.002070
0.002070
0.002070
0.002080
0.002080
0.002080
0.002080
0.002080
0.002080
0.002080
0.002090
0.002090
0.002090
0.002090
0.002100
0.002110
0.002110
0.002120
0.002120
0.002120
0.002120
0.002130
0.002130
0.002130
0.002140
0.002140
0.002140
0.002140
0.002140
0.002150
0.002150
0.002150
0.002160
0.002160
0.002160
0.002160
0.002160
0.002160
0.002170
0.002170
0.002170
0.002180
0.002180
0.002180
0.002180
0.002190
0.002190
0.002190
0.002190
0.002200
0.002200
0.002210
0.002210
0.002220
0.002220
0.002220
0.002230
0.002240
0.002240
0.002240
0.002250
0.002250
0.002250
0.002250
0.002250
0.002260
0.002270
0.002280
0.002280
0.002280
0.002290
0.002290
0.002290
0.002290
0.002300
0.002300
0.002300
0.002300
0.002300
0.002310
0.002310
0.002310
0.002310
0.002310
0.002320
0.002320
0.002350
0.002350
0.002350
0.002350
0.002360
0.002370
0.002380
0.002390
0.002390
0.002410
0.002420
0.002420
0.002430
0.002430
0.002460
0.002470
0.002470
0.002480
0.002480
0.002480
0.002490
0.002500
0.002500
0.002500
0.002500
0.002510
0.002510
0.002510
0.002520
0.002520
0.002520
0.002530
0.002530
0.002540
0.002550
0.002550
0.002580
0.002580
0.002580
0.002580
0.002590
0.002590
0.002610
0.002620
0.002630
0.002640
0.002640
0.002650
0.002650
0.002660
0.002660
0.002660
0.002670
0.002670
0.002680
0.002690
0.002690
0.002700
0.002700
0.002710
0.002710
0.002720
0.002730
0.002740
0.002750
0.002750
0.002750
0.002760
0.002760
0.002770
0.002770
0.002780
0.002790
0.002790
0.002790
0.002800
0.002810
0.002820
0.002820
0.002830
0.002830
0.002840
0.002850
0.002870
0.002870
0.002880
0.002890
0.002890
0.002900
0.002900
0.002920
0.002930
0.002930
0.002940
0.002960
0.003000
0.003000
0.003030
0.003030
0.003040
0.003060
0.003070
0.003080
0.003090
0.003110
0.003120
0.003140
0.003140
0.003150
0.003160
0.003170
0.003170
0.003170
0.003200
0.003230
0.003240
0.003240
0.003260
0.003260
0.003290
0.003300
0.003330
0.003360
0.003370
0.003370
0.003380
0.003400
0.003400
0.003400
0.003410
0.003450
0.003460
0.003490
0.003500
0.003520
0.003580
0.003620
0.003650
0.003660
0.003670
0.003670
0.003680
0.003690
0.003760
0.003800
0.003810
0.003830
0.003840
0.003850
0.003850
0.003870
0.003960
0.003980
0.004000
0.004000
0.004010
0.004010
0.004010
0.004080
0.004150
0.004190
0.004200
0.004210
0.004220
0.004230
0.004230
0.004250
0.004270
0.004300
0.004360
0.004390
0.004390
0.004440
0.004460
0.004470
0.004470
0.004470
0.004500
0.004510
0.004580
0.004620
0.004670
0.004710
0.004790
0.004850
0.004940
0.005040
0.005050
0.005120
0.005130
0.005240
0.005510
0.005590
0.005810
0.007110
0.007250
0.007990
0.008180
0.008660
0.009010
0.009090
0.009730
0.010690
0.012730
0.015240
0.020100
0.045900
