990.7 654.9 43.57 22.58
5157.4 885.4 98.94 52.39
25692.2 1841.5 225.29 80.90
258237.6 7436.4 397.33 138.44
3600000.0 33994.0 1040.69 204.80
3600000.0 149721.9 2990.72 327.28
3600000.0 807431.0 7053.84 446.85
3600000.0 3503209.7 25702.66 741.58
3600000.0 3600000.0 61996.95 1033.44
3600000.0 3600000.0 118023.85 1525.59
3600000.0 3600000.0 400175.06 2295.40
3600000.0 3600000.0 633850.88 3414.88
3600000.0 3600000.0 2278007.23 4829.31
3600000.0 3600000.0 2739408.31 6386.40
3600000.0 3600000.0 3600000.00 8420.36
