2.0388	0.6428	0.00919	0.02164
0.591	0.5321	0.02098	0.01074
2.2858	0.6957	0.0094	0.01291
1.9541	0.6226	0.00728	0.01156
1.7255	0.523	0.00298	0.01886
4.0528	0.7763	0.00251	0.01885
0.5978	0.565	0.00315	0.01064
1.7261	0.4778	0.00308	0.00767
6.5055	0.9709	0.01465	0.03027
0.7776	0.4914	0.00272	0.00642
1.6992	0.6027	0.00272	0.00537
4.6693	0.8831	0.00287	0.01095
2.8262	0.6439	0.00253	0.00727
20.9963	3.7171	0.00254	0.05950
297.1202	1267.4261	0.00298	0.09506
19.1748	2.43	0.00282	0.06520
17.7326	2.6536	0.00233	0.06762
2.2827	0.6285	0.00287	0.00537
1.6052	0.6226	0.00274	0.00464
1.8038	0.6314	0.00325	0.00500
1.688	0.5391	0.00249	0.00457
0.9473	0.4913	0.00304	0.00729
2.0905	0.566	0.00174	0.00457
2.9554	0.6659	0.00176	0.00497
2.6248	0.5897	0.00278	0.00497
10.6817	1.6435	0.00268	0.01348
0.6923	0.4825	0.00315	0.00423
1.4326	0.52	0.00326	0.00698
1.891	0.5555	0.00276	0.00674
2.2402	0.6173	0.00343	0.00449
2.1833	0.4753	0.00314	0.00884
2.1627	0.6149	0.00313	0.00449
2.2629	0.5888	0.00319	0.00484
2.0967	0.6301	0.109	0.00486
5.3839	0.7253	0.00888	0.00907
3.0438	0.5475	0.00559	0.00510
2.7736	0.7365	0.0101	0.00530
5.9967	1.0263	0.00273	0.01064
3.2268	0.7178	0.00335	0.00905
3.0079	0.694	0.00222	0.00505
2.5193	0.6355	0.00632	0.00501
1.9339	0.8339	0.00233	0.01197
1.5271	0.634	0.011	0.01229
3.0932	0.6706	0.00241	0.00483
1.5554	0.57	0.00513	0.01149
1.9259	0.7068	0.00228	0.01209
1.6798	0.7945	0.00595	0.01403
1.88	0.6637	0.00489	0.01184
1.5951	0.6965	0.00473	0.01066
1.9406	0.665	0.00507	0.01176
1.5267	0.673	0.0023	0.01107
1.9571	0.6866	0.00625	0.01021
1.589	0.6882	0.01114	0.01096
1.8618	0.7264	0.01014	0.01129
1.8188	0.7506	0.01578	0.00976
1.9947	0.6281	0.00824	0.01113
2.7348	0.589	0.00726	0.00424
3.3314	0.649	0.00652	0.00468
2.5917	0.6974	0.01441	0.00480
2.6928	0.6234	0.00518	0.00427
1.6986	0.5367	0.00492	0.00450
10.5531	2.1001	0.00516	0.01335
2.0053	0.6304	0.00627	0.00431
0.613	0.6126	0.00629	0.00293
3.2874	0.6937	0.00488	0.00887
4.2423	0.7095	0.00481	0.00879
4.0875	0.7229	0.00534	0.00914
0.5033	0.5247	0.00676	0.00367
0.5333	0.5894	0.00555	0.00348
0.676	0.5031	0.0048	0.00365
3.7422	0.7864	0.00636	0.00966
3.0641	0.7329	0.00511	0.00993
3.3888	0.6784	0.00498	0.00966
3.3403	0.7233	0.00504	0.00953
3.0834	0.6431	0.00465	0.00964
3.1456	0.6204	0.00483	0.00945
3.294	0.7684	0.00526	0.00918
3.3054	0.694	0.00507	0.00923
3.5023	0.7865	0.00526	0.01402
0.7732	0.4475	0.00524	0.00541
1.8907	0.4603	0.00469	0.00550
3.8565	0.7671	0.00461	0.01007
1.4971	0.6494	0.00478	0.00560
3.9793	0.6144	0.00494	0.00986
0.6314	0.5058	0.00524	0.00349
3.1302	0.6171	0.00502	0.00955
3.1254	0.6186	0.00495	0.00983
9.1912	2.3488	0.01499	0.01557
2.9971	0.6494	0.0051	0.00968
3.2904	0.6871	0.00493	0.01031
0.5699	0.454	0.00474	0.00354
2.7104	0.6551	0.00553	0.00432
1.8664	0.5699	0.00503	0.00415
3.9696	0.7313	0.00569	0.00850
1.7424	0.6087	0.00555	0.00457
4.8362	0.7732	0.00583	0.00845
2.904	0.5599	0.00508	0.00461
7.1819	1.4824	0.00472	0.01501
2.8172	0.6825	0.00655	0.00997
3.05	0.6712	0.00507	0.00946
3.6092	0.7373	0.00453	0.00921
3.3726	0.7456	0.00465	0.00938
3.0433	0.741	0.00664	0.00949
4.0337	0.7061	0.00541	0.00897
3.7946	0.6454	0.00465	0.00901
0.7476	0.5408	0.00456	0.00315
3.716	0.6675	0.00523	0.00904
3.0696	0.7973	0.00503	0.00917
3.1545	0.6438	0.00534	0.00921
3.2388	0.701	0.005	0.00902
3.7989	0.5895	0.00476	0.00900
3.5048	0.6144	0.00568	0.01078
2.9624	0.6781	0.00788	0.01020
3.0179	0.7394	0.00494	0.00929
4.0865	0.6736	0.00642	0.00912
4.0779	0.7884	0.00488	0.00966
2.4814	0.5891	0.00468	0.00512
1.6216	0.5028	0.00591	0.00407
0.5696	0.5149	0.00594	0.00276
4.2237	0.5692	0.00464	0.00743
3.3913	0.7501	0.00512	0.00892
1.787	0.6168	0.00455	0.00440
1.9062	0.5021	0.00466	0.00450
7.5842	2.0916	0.00768	0.02551
4.3828	1.343	0.00503	0.06549
5.6201	0.8276	0.0056	0.01059
2.7798	0.5707	0.00511	0.00424
1.6017	0.5692	0.00504	0.01249
20.053	9.3698	0.00465	0.02936
0.9724	0.5384	0.00512	0.00476
0.795	0.6063	0.0051	0.00502
2.9003	0.6096	0.00477	0.00497
2.1834	0.6577	0.00602	0.00424
0.4912	0.4721	0.00753	0.00276
1.8125	0.6999	0.00753	0.00450
1.6616	0.6254	0.00486	0.00448
2.7522	0.7398	0.00519	0.01478
1.5967	0.6473	0.00485	0.00410
7.0594	1.2172	0.00537	0.02732
5.6394	1.248	0.00548	0.02761
2.3052	0.6497	0.00519	0.00558
2.3156	0.5152	0.02671	0.00571
4.6051	1.8888	0.00588	0.05935
2.5257	0.6016	0.00506	0.00439
1.7913	0.5812	0.00491	0.00400
3.3717	0.7282	0.00604	0.00452
1.6056	0.6619	0.00479	0.00417
2.0968	0.638	0.005	0.00412
2.138	0.5166	0.00484	0.00398
1.5924	0.5745	0.00545	0.00405
1.8383	0.5673	0.00457	0.00398
1.9806	0.5307	0.00483	0.00415
3600	30.3134	0.0048	9.71699
1.5434	0.6553	0.00535	0.00444
2.8071	0.6831	0.005	0.00418
2.1718	0.5236	0.00528	0.00489
1.8841	0.4795	0.00484	0.00452
1.5541	0.5698	0.00603	0.00427
1.766	0.5622	0.00475	0.00410
2.5418	0.6421	0.00496	0.00482
1.9737	0.6131	0.0061	0.00399
2.1354	0.5809	0.00521	0.00395
2.0086	0.5384	0.00524	0.00391
1.8095	0.5491	0.00519	0.00400
1.8807	0.5309	0.00797	0.00401
1.9621	0.6066	0.00698	0.00393
1.9915	0.6602	0.00519	0.00553
1.8197	0.5296	0.01439	0.00441
1.7572	0.5009	0.00486	0.00427
1.8626	0.5258	0.005	0.00408
1.7599	0.5513	0.00535	0.00450
2.9647	0.6651	0.00492	0.00446
1.7051	0.5759	0.00545	0.00404
0.7792	0.4976	0.00635	0.00462
2.2457	0.672	0.00454	0.00449
23.7465	8.88	0.00489	0.03023
2.5312	0.6642	0.00778	0.00443
5.0942	1.096	0.00532	0.01106
6.886	1.5445	0.00557	0.01634
3.752	0.7265	0.00478	0.00968
1.8264	0.6191	0.00483	0.00489
1.7796	0.6749	0.00512	0.00486
4.7804	1.1217	0.00491	0.00916
2.3549	0.6262	0.00496	0.00440
1.9433	0.589	0.00511	0.00730
1.6974	0.6361	0.01057	0.00442
1.8018	0.6122	0.00563	0.00451
39.6837	22.9176	0.00576	0.06669
7.7073	1.3752	0.00741	0.03901
38.3987	20.5101	0.00532	0.06410
1.9757	0.6566	0.00465	0.00510
6.5004	0.8595	0.00732	0.00952
5.409	0.9564	0.01262	0.00820
6.3609	0.859	0.01153	0.01139
5.4957	0.7441	0.00501	0.01125
5.9297	0.898	0.00474	0.01286
4.9076	0.9547	0.00507	0.01157
5.8978	0.8565	0.0166	0.01114
5.7407	1.0076	0.00514	0.01311
2.3919	0.6545	0.00467	0.00408
2.1193	0.5703	0.00951	0.00407
19.8329	26.3883	0.00987	0.07813
1.572	0.5005	0.00992	0.00443
1.6285	0.6192	0.01124	0.00448
2.8169	0.741	0.0098	0.01342
2.0952	0.6238	0.01004	0.00500
3.4442	0.6994	0.00941	0.00935
4.0083	0.6076	0.01553	0.00753
1.5989	0.506	0.00777	0.00447
4.6319	0.8644	0.01542	0.00904
1.4883	0.6871	0.0115	0.00516
1.9579	0.6272	0.00977	0.00490
26.8034	13.0839	0.00856	0.06083
1.6717	0.6321	0.01482	0.00454
2.1414	0.4608	0.01044	0.00477
1.589	0.5979	0.01557	0.00479
3.4975	1.4362	0.01187	0.06250
0.6533	0.5478	0.01166	0.00427
2.0301	0.4789	0.01077	0.00480
1.8109	0.5838	0.00913	0.00429
2.506	0.4917	0.01576	0.00402
70.5887	131.2785	0.01142	0.11109
3.6735	0.7829	0.01202	0.01054
4.5323	0.7613	0.01874	0.00845
0.6221	0.5868	0.01159	0.00305
2.2065	0.5621	0.01202	0.00430
1.904	0.5322	0.01239	0.00441
2.0564	0.6455	0.01232	0.00479
1.8058	0.7362	0.01135	0.00447
1.9312	0.6514	0.01182	0.00435
1.7617	0.5731	0.01099	0.00470
2.3225	0.5208	0.01227	0.00886
3.0806	0.6294	0.00853	0.00482
3.0589	0.5152	0.01629	0.00484
12.0189	1.8875	0.01573	0.03946
20.8601	2.7827	0.06271	0.06266
24.2542	11.9423	0.0048	0.05778
1.8943	0.4552	0.01495	0.00412
2.0562	0.5691	0.01511	0.00403
7.3749	1.644	0.06134	0.00989
1.6924	0.6162	0.0125	0.01000
2.0648	0.5633	0.02038	0.00435
1.6491	0.619	0.01185	0.00482
1.7616	0.643	0.01038	0.00492
2.4501	0.6551	0.01055	0.00477
4.9063	0.7572	0.01129	0.00914
7.3378	2.0066	0.01317	0.01388
1.6838	0.5765	0.01103	0.00517
0.6126	0.6608	0.01181	0.00941
0.4419	0.5192	0.02055	0.01236
2.0241	0.6286	0.01817	0.01667
5.2694	1.1158	0.01144	0.00798
1.2393	0.6512	0.01184	0.00774
2.8762	0.8389	0.01131	0.00872
6.9577	0.9986	0.01146	0.01114
8.1552	2.0177	0.01095	0.01685
2.068	0.572	0.02746	0.00452
1.7915	0.5419	0.01053	0.00437
1.7427	0.6738	0.01106	0.00454
1.5782	0.5666	0.01146	0.00809
2.0223	0.6109	0.02303	0.00888
2.1331	0.5921	0.01169	0.00427
4.2056	0.695	0.01445	0.00899
1.6071	0.7215	0.01154	0.00739
2.3985	0.549	0.01107	0.00450
6.0469	0.8854	0.01156	0.00859
3.039	0.6906	0.01128	0.01845
1.5316	0.6233	0.01084	0.00567
2.256	0.721	0.01082	0.00595
1.8259	0.6455	0.01196	0.00466
1.5045	0.6708	0.01072	0.00414
4.1056	0.6888	0.01133	0.00920
2.7929	0.6264	0.01105	0.00646
4.1783	0.6052	0.01181	0.01009
1.8871	0.5145	0.01131	0.00871
1.6283	0.6546	0.01114	0.00481
4.8359	0.8949	0.01084	0.00861
13.0407	3.3122	0.01466	0.01717
3.1069	0.6871	0.01059	0.00823
2.1098	0.636	0.01947	0.00478
3.6281	0.6691	0.01047	0.00868
2.9775	0.6859	0.01037	0.00912
2.2329	0.502	0.02108	0.00481
1.9801	0.5635	0.01117	0.00487
0.5007	0.4935	0.02439	0.00336
1.8535	0.5983	0.01136	0.00605
1.8105	0.7473	0.01127	0.01339
1.6413	0.6634	0.01138	0.00455
0.5235	0.4462	0.03146	0.00310
4.8192	1.7273	0.01625	0.07388
8.4136	1.7396	0.01183	0.01291
5.1725	1.1922	0.01128	0.01377
3.1247	0.6401	0.01578	0.00917
7.8089	1.2255	0.01081	0.02781
1.8866	0.5406	0.01642	0.00405
2.1346	0.5395	0.01177	0.00416
1.6363	0.5509	0.0113	0.00414
2.1642	0.8049	0.01124	0.00411
2.8491	0.6678	0.0371	0.00443
1.6927	0.7369	0.01174	0.00543
1.7062	0.522	0.01104	0.00440
2.7493	0.7143	0.01072	0.00453
1.2107	0.563	0.01177	0.00685
0.5729	0.4701	0.01032	0.00347
1.7637	0.5891	0.01193	0.00449
2.1996	0.6487	0.01165	0.00539
10.5933	2.4468	0.01469	0.01493
0.9797	0.5932	0.01167	0.00524
0.8002	0.5672	0.0119	0.00251
0.5825	0.5268	0.02592	0.00209
2.2091	0.6816	0.01243	0.00459
1.8471	0.6317	0.02139	0.00491
0.6126	0.4043	0.011	0.00292
3.1611	0.6742	0.00536	0.00449
1.7152	0.6139	0.00482	0.00425
1.9238	0.6464	0.05562	0.00412
1.7001	0.6303	0.00566	0.00402
0.6839	0.4569	0.00503	0.00362
2.7246	0.6015	0.00647	0.00454
2.4041	0.5674	0.00544	0.00479
3.9009	0.6647	0.00506	0.00893
14.3331	2.4183	0.00497	0.04861
3.5362	0.6793	0.00526	0.01037
4.8231	1.8667	0.00528	0.06436
1.259	0.5229	0.00523	0.01928
3.1056	0.7554	0.03614	0.00822
4.9011	0.7511	0.03091	0.00901
1.7577	0.5062	0.00597	0.00443
13.1163	2.8992	0.00527	0.02053
2.2186	0.4783	0.00698	0.00476
1.9762	0.5025	0.00489	0.00513
3.748	0.8065	0.00521	0.01062
4.4018	1.0501	0.00529	0.01969
3.6995	0.9736	0.00493	0.03642
9.7862	1.8026	0.03779	0.01117
2.1137	0.5347	0.00552	0.00434
5.9787	0.9032	0.0052	0.00851
3.163	0.7297	0.02154	0.00870
2.7787	0.688	0.03735	0.00850
3.573	0.7472	0.00576	0.00913
2.3785	0.6835	0.00586	0.00413
138.9294	108.0958	0.00508	0.01755
0.477	0.5666	0.00563	0.00329
3.3069	0.5718	0.0051	0.00913
1.7564	0.6165	0.005	0.00525
1.773	0.5662	0.00694	0.00481
23.0805	11.2572	0.03945	0.05543
15.0748	2.2813	0.03944	0.03204
6.603	0.8811	0.00774	0.00942
1.7977	0.6648	0.00585	0.00862
5.7741	1.0036	0.00523	0.00650
0.8569	0.472	0.00558	0.00628
6.334	0.6424	0.04182	0.00901
2.1217	0.6124	0.04001	0.00461
2.1105	0.6563	0.00515	0.00560
5.4885	0.9778	0.00595	0.00996
1.6402	0.6256	0.00517	0.00554
0.4576	0.4893	0.03757	0.00311
2.1	0.6122	0.00526	0.00450
1.8429	0.5756	0.00532	0.00490
1.7772	0.6228	0.0056	0.00513
2.5503	0.7991	0.03728	0.00598
7.8933	1.7996	0.0399	0.03261
1.9723	0.6094	0.00691	0.00394
18.5822	3.2696	0.00475	0.05646
2.7983	0.6609	0.00514	0.00425
2.2966	0.5955	0.0052	0.00425
2.0646	0.5164	0.00519	0.00419
1.8133	0.6569	0.04015	0.00526
0.798	0.557	0.00553	0.00467
3.1347	0.7979	0.00501	0.00436
3.6736	0.6558	0.03802	0.00885
1.8191	0.5846	0.03786	0.00442
3.921	0.6553	0.03671	0.00918
1.726	0.6305	0.0053	0.00450
0.6072	0.4872	0.03945	0.00308
4.7105	0.8816	0.005	0.01063
1.4992	0.5819	0.03982	0.00549
2.1523	0.6085	0.05486	0.00388
17.9117	3.2731	0.00819	0.06236
4.7463	1.9669	0.0519	0.07991
2.7448	0.7877	0.00574	0.01467
1.9599	0.6987	0.01574	0.01387
4.0991	1.5225	0.06648	0.06261
2.4754	1.2377	0.00572	0.04893
3.5488	0.8969	0.01161	0.03455
5.0684	1.9501	0.01286	0.07781
3.5949	1.5246	0.02296	0.06352
5.3864	1.8662	0.01563	0.09847
3.3375	1.2613	0.02503	0.05818
2.4185	0.6013	0.01334	0.01363
12.9996	4.9724	0.02648	0.19867
6.7402	2.0617	0.01743	0.07576
3.2803	0.91	0.04725	0.03454
5.557	1.6566	0.05454	0.07783
5.155	1.3066	0.07822	0.06137
4.3154	1.5027	0.07635	0.05810
4.5976	1.3684	0.0794	0.06161
6.5827	1.9672	0.07001	0.07925
3.1567	1.615	0.06911	0.06640
3.6258	1.2092	0.06904	0.04195
3.5348	1.6251	0.06697	0.05824
1.9133	0.6648	0.06624	0.01352
5.6871	1.9406	0.06788	0.09460
3.9507	1.4339	0.0674	0.06129
3.1491	1.1071	0.06588	0.03415
4.5365	1.6772	0.06707	0.06167
1.7007	0.7271	0.06742	0.01368
4.7478	1.5603	0.06309	0.06052
2.278	0.7116	0.06932	0.01362
4.436	1.6212	0.06631	0.06259
3.634	1.9894	0.07272	0.06320
4.8385	1.8159	0.06864	0.07655
11.8716	4.2745	0.06884	0.17495
2.6829	0.6265	0.06705	0.01358
2.6058	0.8951	0.06701	0.03459
3.6514	1.68	0.07035	0.06212
2.9492	1.1766	0.08104	0.03376
2.8529	0.9496	0.06797	0.03702
4.8377	1.6349	0.06938	0.06073
2.8395	0.9903	0.06812	0.03569
4.8365	1.3908	0.06256	0.06239
3.0053	1.042	0.06826	0.03657
4.7968	1.415	0.01326	0.06015
5.6408	1.919	0.06744	0.08192
9.5142	2.6491	0.00976	0.13750
5.3333	2.124	0.01443	0.09848
5.2033	1.994	0.0145	0.08275
13.5057	4.193	0.00937	0.20001
15.2648	6.2858	0.01145	0.05321
5.4065	1.9716	0.04644	0.08355
5.7102	2.2984	0.08929	0.08356
3.8548	1.4209	0.08255	0.06602
3.1017	1.1041	0.08482	0.03914
3.1273	1.0411	0.09096	0.03475
8.0657	2.0669	0.08332	0.08785
4.438	1.667	0.08515	0.06254
0.571	0.5776	0.10553	0.00360
1.9378	0.6331	0.08495	0.00895
2.8989	1.107	0.09127	0.03872
2.0509	0.5127	0.08396	0.00527
4.3841	1.6618	0.07987	0.06213
4.6585	1.7192	0.08905	0.07777
5.4165	2.1719	0.08774	0.08505
3.6344	1.1903	0.09886	0.04347
6.628	1.7149	0.08483	0.09461
4.2711	1.261	0.09272	0.06081
3.3366	1.4121	0.0117	0.06488
1.8383	0.6489	0.01149	0.01570
3.406	1.4684	0.01117	0.06180
4.3148	1.7371	0.01135	0.06311
4.1863	1.7109	0.017	0.08109
1.1008	0.5541	0.01135	0.00908
2.2516	1.0582	0.01445	0.03687
4.2992	1.9978	0.01104	0.07758
0.9611	0.4568	0.01113	0.00717
4.0236	1.395	0.01358	0.06243
6.3447	2.5284	0.01228	0.12181
2.0955	0.6838	0.01341	0.01398
3.7938	1.5812	0.01484	0.06335
1.9342	0.6246	0.01122	0.00448
4.2484	1.2449	0.01198	0.06617
4.5795	1.8538	0.01682	0.08566
0.5494	0.503	0.01103	0.00351
5.4272	0.7344	0.01353	0.01044
0.6572	0.5777	0.01177	0.00288
2.5389	1.1103	0.01408	0.03537
3.3181	0.6347	0.01178	0.01649
13.536	1.5846	0.01211	0.03908
0.6758	0.5445	0.01488	0.00220
1.8835	0.5774	0.01375	0.00431
1.615	0.5453	0.09648	0.00429
2.0048	0.5839	0.10465	0.00446
1.7325	0.5851	0.10269	0.00393
0.9005	0.5329	0.10612	0.00247
1.7957	0.5324	0.02124	0.00391
0.7182	0.4956	0.12612	0.00242
0.8432	0.502	0.02393	0.00248
0.8779	0.4764	0.03401	0.00251
2.1424	0.6809	0.12789	0.00485
2.1203	0.6337	0.05846	0.00575
1.7925	0.5913	0.14971	0.00543
1.9019	0.6242	0.2194	0.00433
1.7531	0.6568	0.03936	0.00408
2.0118	0.6797	12.02876	0.00894
0.7761	0.5572	0.04421	0.00593
2.0397	0.6079	0.19242	0.00445
2.5089	0.6935	0.08611	0.00433
3.1937	0.8251	0.07322	0.00924
0.6408	0.5306	0.05535	0.00312
3.5905	0.7827	0.05403	0.00855
4.9733	0.8012	0.23121	0.00877
16.102	4.6093	0.21994	0.01939
1.7699	0.6897	0.0677	0.00439
1.7783	0.5653	0.07237	0.00433
2.7052	0.5128	0.08536	0.00478
0.6876	0.5356	0.08668	0.00310
5.6714	0.9912	0.10185	0.01023
0.666	0.5029	0.08607	0.00314
0.6078	0.4636	0.08705	0.00305
2.7003	0.6041	0.08961	0.00411
3.4206	0.8321	0.08764	0.00874
0.6227	0.5481	0.08645	0.00360
3.0069	0.7356	0.1095	0.00809
2.2041	0.4908	0.12224	0.00655
1.7207	0.4818	0.40848	0.00598
