0.001940
0.001710
0.001630
0.001560
0.004040
0.002040
0.001430
0.001600
0.003580
0.002660
0.001650
0.001530
0.001980
0.004010
0.012490
0.003650
0.003930
0.001550
0.001550
0.001800
0.001590
0.002450
0.001460
0.001770
0.001680
0.003320
0.001430
0.001840
0.002470
0.001510
0.003620
0.001700
0.001990
0.001800
0.001880
0.001600
0.001630
0.003230
0.002050
0.001750
0.001730
0.004210
0.004020
0.001700
0.003830
0.003830
0.004020
0.004280
0.003630
0.003090
0.004080
0.003670
0.004390
0.003780
0.003820
0.003820
0.001290
0.001680
0.001650
0.001340
0.001780
0.003600
0.001600
0.001330
0.002160
0.002320
0.002260
0.001940
0.001890
0.002100
0.002480
0.002410
0.002530
0.002420
0.002850
0.002630
0.002230
0.002500
0.003540
0.001460
0.002160
0.002390
0.002330
0.002730
0.001800
0.002600
0.002540
0.003700
0.002610
0.002880
0.001980
0.001460
0.001560
0.002160
0.001960
0.001590
0.001700
0.004050
0.002770
0.002810
0.002620
0.002800
0.002790
0.002310
0.002200
0.001600
0.002230
0.002650
0.002560
0.002530
0.002460
0.002640
0.002870
0.002750
0.002310
0.002560
0.001930
0.001500
0.001370
0.001750
0.002080
0.001700
0.001890
0.004010
0.001780
0.001160
0.001470
0.004760
0.009080
0.001370
0.001450
0.001890
0.001570
0.001180
0.001860
0.001800
0.006980
0.001600
0.003260
0.003260
0.001160
0.001310
0.012480
0.001340
0.001180
0.001630
0.001900
0.001580
0.001650
0.001690
0.001520
0.001660
0.042980
0.001480
0.001560
0.001890
0.001400
0.001510
0.001540
0.001700
0.001630
0.001760
0.001780
0.001730
0.001750
0.001750
0.001760
0.001730
0.001610
0.001590
0.001840
0.001720
0.001690
0.001340
0.001850
0.006450
0.001630
0.003060
0.002870
0.002680
0.002110
0.002340
0.002300
0.001840
0.002090
0.001870
0.002010
0.004800
0.002900
0.004430
0.001890
0.002200
0.001580
0.003210
0.003110
0.003940
0.003090
0.002980
0.003490
0.001370
0.001360
0.008190
0.001960
0.001900
0.002600
0.002280
0.002740
0.002240
0.001810
0.001940
0.002580
0.002360
0.003650
0.001650
0.002010
0.002220
0.001550
0.001900
0.001870
0.001630
0.001460
0.019420
0.003010
0.001620
0.001660
0.001880
0.001880
0.002170
0.001900
0.001830
0.001760
0.002320
0.001800
0.001740
0.003170
0.003820
0.004630
0.001510
0.001520
0.002390
0.007800
0.001330
0.001980
0.002110
0.001620
0.002020
0.003510
0.002090
0.005040
0.004950
0.004430
0.003210
0.002790
0.002250
0.002380
0.002890
0.002030
0.001900
0.001940
0.003040
0.003670
0.001750
0.002400
0.002370
0.001930
0.001960
0.003000
0.001970
0.002290
0.001890
0.001610
0.002610
0.002950
0.003010
0.004010
0.001880
0.001840
0.004050
0.001970
0.002190
0.002280
0.002500
0.002040
0.002120
0.001800
0.002940
0.004950
0.001920
0.002210
0.001880
0.003790
0.004100
0.002450
0.003450
0.001460
0.001530
0.001510
0.001520
0.001740
0.002900
0.001950
0.001980
0.003470
0.002050
0.002090
0.002450
0.002870
0.001480
0.001800
0.001200
0.001850
0.002230
0.001500
0.001850
0.001880
0.001760
0.001660
0.002060
0.001900
0.001740
0.002240
0.003920
0.001980
0.008820
0.001190
0.001730
0.002240
0.001990
0.004170
0.002090
0.002470
0.003210
0.004500
0.001450
0.002370
0.001420
0.001770
0.002230
0.002730
0.002350
0.001590
0.009310
0.001740
0.002560
0.002270
0.001970
0.008310
0.002890
0.002210
0.002480
0.004490
0.002180
0.001890
0.002090
0.002560
0.002640
0.002630
0.001700
0.001730
0.002390
0.002460
0.002750
0.004720
0.001440
0.002200
0.001520
0.001430
0.001840
0.002420
0.001690
0.001780
0.002460
0.001920
0.002600
0.001980
0.001860
0.003350
0.002650
0.001790
0.003910
0.001880
0.001630
0.001550
0.001800
0.001650
0.001560
0.001840
0.001610
0.002010
0.001590
0.001570
0.003030
0.001950
0.001560
0.001830
0.001670
0.001760
0.001600
0.001880
0.001890
0.001750
0.001580
0.001620
0.002030
0.001670
0.001460
0.001700
0.001560
0.001840
0.001610
0.001700
0.001710
0.001980
0.002950
0.001450
0.001460
0.001780
0.001690
0.001500
0.001770
0.001530
0.001660
0.001440
0.001690
0.002000
0.002860
0.002910
0.002070
0.003220
0.007940
0.001990
0.002540
0.001870
0.002050
0.001560
0.002140
0.001730
0.001810
0.003060
0.001760
0.002130
0.001560
0.002040
0.002000
0.001800
0.002080
0.002020
0.001920
0.002490
0.001950
0.002490
0.002050
0.003080
0.001880
0.002280
0.002190
0.001820
0.002380
0.001750
0.001680
0.001850
0.001770
0.002520
0.001610
0.002030
0.001610
0.001360
0.005240
0.002990
0.001330
0.001850
0.001880
0.002180
0.001780
0.001190
0.001690
0.001180
0.001160
0.001370
0.002140
0.001990
0.001810
0.001990
0.001640
0.003050
0.001920
0.001840
0.001720
0.002370
0.001830
0.002550
0.002070
0.003730
0.002110
0.002010
0.001980
0.001840
0.002100
0.001800
0.001580
0.001610
0.002210
0.002480
0.002090
0.001790
0.002980
