Policy	A	B
0	2.51	0.51
1	1.75	0.18
2	2.17	0.23
3	1.92	0.16
4	2.12	0.15
5	2.11	0.19
6	1.69	0.07
7	1.63	0.12
8	2.22	0.18
9	1.48	0.07
10	1.61	0.10
11	2.13	0.13
12	1.72	0.10
13	3.04	0.23
14	26.57	1.02
15	2.90	0.19
16	2.95	0.21
17	1.57	0.10
18	1.46	0.07
19	1.42	0.07
20	1.47	0.07
21	1.36	0.06
22	1.48	0.08
23	1.57	0.08
24	1.54	0.08
25	1.62	0.13
26	1.61	0.05
27	1.45	0.07
28	1.42	0.08
29	1.46	0.09
30	1.37	0.08
31	1.39	0.08
32	1.38	0.08
33	1.49	0.08
34	1.64	0.11
35	1.56	0.08
36	1.72	0.08
37	1.61	0.13
38	1.55	0.10
39	1.65	0.07
40	1.63	0.07
41	1.39	0.07
42	1.38	0.07
43	1.48	0.07
44	1.41	0.07
45	1.41	0.07
46	1.38	0.07
47	1.37	0.06
48	1.36	0.06
49	1.42	0.06
50	1.46	0.06
51	1.41	0.06
52	1.37	0.06
53	1.47	0.07
54	1.40	0.07
55	1.36	0.06
56	1.48	0.06
57	1.46	0.07
58	1.48	0.07
59	1.47	0.06
60	1.37	0.06
61	1.47	0.11
62	1.39	0.06
63	1.32	0.03
64	1.46	0.10
65	1.46	0.10
66	1.52	0.10
67	1.30	0.04
68	1.30	0.03
69	1.32	0.03
70	1.48	0.11
71	1.51	0.10
72	1.48	0.10
73	1.48	0.10
74	1.44	0.09
75	1.46	0.10
76	1.44	0.09
77	1.45	0.09
78	1.48	0.09
79	1.35	0.03
80	1.43	0.06
81	1.58	0.09
82	1.53	0.06
83	1.53	0.08
84	1.30	0.03
85	1.49	0.08
86	1.52	0.08
87	1.64	0.10
88	1.47	0.09
89	1.52	0.08
90	1.36	0.03
91	1.47	0.06
92	1.38	0.07
93	1.49	0.08
94	1.37	0.07
95	1.62	0.10
96	1.50	0.06
97	1.63	0.13
98	1.44	0.09
99	1.48	0.09
100	1.44	0.08
101	1.44	0.09
102	1.45	0.09
103	1.44	0.08
104	1.45	0.09
105	1.29	0.04
106	1.52	0.09
107	1.45	0.09
108	1.44	0.09
109	1.42	0.08
110	1.45	0.08
111	1.44	0.08
112	1.47	0.08
113	1.44	0.08
114	1.43	0.08
115	1.44	0.09
116	1.44	0.06
117	1.37	0.07
118	1.29	0.03
119	1.59	0.10
120	1.48	0.08
121	1.43	0.06
122	1.40	0.06
123	1.50	0.09
124	1.61	0.07
125	1.65	0.09
126	1.41	0.06
127	1.34	0.06
128	1.95	0.17
129	1.31	0.03
130	1.30	0.04
131	1.45	0.06
132	1.45	0.06
133	1.31	0.03
134	1.37	0.06
135	1.43	0.06
136	1.47	0.08
137	1.39	0.06
138	1.89	0.11
139	1.76	0.12
140	1.53	0.07
141	1.51	0.06
142	1.46	0.08
143	1.41	0.06
144	1.33	0.06
145	1.40	0.06
146	1.33	0.06
147	1.33	0.07
148	1.32	0.06
149	1.33	0.06
150	1.34	0.06
151	1.35	0.07
152	29.08	2.86
153	1.37	0.06
154	1.45	0.06
155	1.40	0.06
156	1.50	0.06
157	1.51	0.06
158	1.44	0.06
159	1.53	0.06
160	1.37	0.06
161	1.38	0.06
162	1.37	0.06
163	1.47	0.06
164	1.38	0.06
165	1.37	0.06
166	1.71	0.06
167	1.48	0.06
168	1.52	0.07
169	1.40	0.06
170	1.43	0.06
171	1.45	0.06
172	1.38	0.06
173	1.30	0.03
174	1.37	0.06
175	1.69	0.19
176	1.47	0.06
177	1.46	0.09
178	1.85	0.14
179	1.43	0.08
180	1.42	0.06
181	1.38	0.06
182	1.54	0.10
183	1.36	0.06
184	1.35	0.05
185	1.37	0.06
186	1.39	0.06
187	3.60	0.32
188	1.99	0.16
189	2.58	0.21
190	1.39	0.06
191	1.64	0.09
192	1.60	0.09
193	1.58	0.09
194	1.58	0.09
195	1.61	0.09
196	1.62	0.09
197	1.58	0.09
198	1.56	0.09
199	1.44	0.06
200	1.43	0.06
201	1.32	0.00
202	1.37	0.09
203	1.37	0.08
204	1.26	0.06
205	1.38	0.06
206	1.45	0.10
207	1.54	0.09
208	1.38	0.07
209	1.61	0.11
210	1.40	0.07
211	1.37	0.07
212	2.80	0.21
213	1.37	0.06
214	1.46	0.06
215	1.36	0.07
216	1.67	0.08
217	1.54	0.03
218	1.38	0.06
219	1.39	0.06
220	1.45	0.07
221	2.90	0.34
222	1.53	0.08
223	1.61	0.09
224	1.25	0.03
225	1.35	0.06
226	1.35	0.06
227	1.36	0.06
228	1.37	0.07
229	1.37	0.06
230	1.55	0.06
231	1.32	0.06
232	1.50	0.07
233	1.55	0.06
234	2.16	0.16
235	2.68	0.16
236	2.89	0.24
237	1.40	0.06
238	1.38	0.06
239	1.54	0.09
240	1.36	0.05
241	1.46	0.07
242	1.41	0.06
243	1.50	0.06
244	1.60	0.06
245	1.67	0.10
246	1.52	0.10
247	1.50	0.06
248	0.00	0.00
249	1.40	0.03
250	1.55	0.07
251	1.30	0.06
252	1.31	0.06
253	1.44	0.09
254	1.62	0.10
255	1.86	0.14
256	1.43	0.07
257	1.39	0.07
258	1.38	0.07
259	1.34	0.06
260	1.34	0.05
261	1.37	0.06
262	1.46	0.09
263	1.35	0.06
264	1.40	0.07
265	1.60	0.10
266	1.44	0.13
267	1.69	0.07
268	1.60	0.06
269	1.47	0.07
270	1.44	0.06
271	1.47	0.09
272	1.44	0.07
273	1.46	0.10
274	1.38	0.06
275	1.38	0.06
276	1.63	0.10
277	1.46	0.12
278	1.45	0.09
279	1.35	0.06
280	1.43	0.09
281	1.48	0.09
282	1.50	0.07
283	1.38	0.06
284	1.30	0.03
285	1.38	0.06
286	1.29	0.05
287	1.35	0.06
288	1.29	0.03
289	1.79	0.08
290	1.50	0.09
291	1.47	0.09
292	1.47	0.09
293	1.81	0.12
294	1.39	0.06
295	1.40	0.06
296	1.43	0.06
297	1.44	0.06
298	1.45	0.06
299	1.38	0.06
300	1.40	0.06
301	1.40	0.05
302	1.32	0.04
303	1.30	0.03
304	1.38	0.06
305	1.44	0.06
306	1.97	0.12
307	1.29	0.03
308	1.34	0.03
309	1.31	0.02
310	1.49	0.06
311	1.44	0.06
312	1.31	0.03
313	1.44	0.06
314	1.39	0.07
315	1.38	0.06
316	1.39	0.06
317	1.38	0.03
318	1.46	0.06
319	1.55	0.06
320	1.63	0.09
321	2.36	0.15
322	1.48	0.07
323	1.45	0.07
324	0.00	0.00
325	1.43	0.09
326	1.62	0.10
327	1.38	0.06
328	1.57	0.14
329	1.36	0.06
330	1.37	0.06
331	1.43	0.09
332	1.35	0.08
333	1.45	0.05
334	1.57	0.10
335	1.45	0.06
336	1.58	0.10
337	1.43	0.08
338	1.31	0.05
339	1.42	0.09
340	1.44	0.06
341	9.77	0.45
342	1.32	0.03
343	1.50	0.09
344	1.36	0.06
345	1.44	0.06
346	2.56	0.19
347	2.13	0.18
348	1.57	0.09
349	1.33	0.06
350	1.54	0.10
351	1.27	0.04
352	1.59	0.09
353	1.38	0.05
354	1.35	0.06
355	1.59	0.09
356	1.36	0.06
357	1.26	0.03
358	1.43	0.06
359	1.36	0.06
360	1.37	0.06
361	1.35	0.08
362	1.73	0.15
363	1.35	0.06
364	2.53	0.16
365	1.43	0.06
366	1.42	0.06
367	1.36	0.06
368	1.38	0.06
369	1.29	0.04
370	1.44	0.06
371	1.46	0.08
372	1.37	0.06
373	1.46	0.08
374	1.36	0.06
375	1.26	0.03
376	1.57	0.08
377	1.36	0.06
378	1.36	0.06
379	2.71	0.16
380	1.74	0.07
381	1.36	0.05
382	1.35	0.05
383	1.59	0.06
384	1.49	0.06
385	1.46	0.06
386	1.74	0.07
387	1.61	0.06
388	1.89	0.08
389	1.58	0.07
390	1.36	0.05
391	2.53	0.14
392	1.76	0.07
393	1.45	0.06
394	1.74	0.07
395	1.61	0.07
396	1.56	0.07
397	1.64	0.07
398	1.72	0.07
399	1.64	0.07
400	1.55	0.06
401	1.60	0.07
402	1.36	0.05
403	1.87	0.08
404	1.60	0.06
405	1.48	0.06
406	1.59	0.07
407	1.35	0.05
408	1.59	0.07
409	1.37	0.05
410	1.61	0.07
411	1.65	0.07
412	1.75	0.07
413	2.41	0.14
414	1.36	0.05
415	1.44	0.06
416	1.58	0.06
417	1.44	0.06
418	1.47	0.06
419	1.59	0.06
420	1.45	0.06
421	1.59	0.06
422	1.44	0.06
423	1.62	0.06
424	1.73	0.07
425	2.19	0.11
426	1.87	0.08
427	1.90	0.07
428	2.77	0.15
429	2.65	0.19
430	1.84	0.07
431	1.80	0.07
432	1.66	0.06
433	1.50	0.06
434	1.51	0.06
435	1.89	0.08
436	1.63	0.07
437	1.31	0.03
438	1.37	0.06
439	1.46	0.06
440	1.40	0.06
441	1.63	0.07
442	1.75	0.07
443	1.78	0.07
444	1.56	0.07
445	1.91	0.08
446	1.61	0.07
447	1.60	0.07
448	1.39	0.05
449	1.60	0.06
450	1.63	0.07
451	1.74	0.07
452	0.00	0.00
453	1.49	0.07
454	1.75	0.07
455	0.00	0.00
456	1.64	0.06
457	2.09	0.10
458	1.36	0.04
459	1.62	0.06
460	1.36	0.06
461	1.61	0.06
462	1.83	0.07
463	1.36	0.02
464	1.83	0.08
465	1.30	0.02
466	1.43	0.06
467	1.45	0.09
468	2.13	0.13
469	1.23	0.03
470	1.35	0.06
471	1.35	0.06
472	1.37	0.06
473	1.35	0.06
474	1.29	0.03
475	1.35	0.06
476	1.28	0.03
477	1.29	0.03
478	1.28	0.03
479	1.41	0.06
480	1.33	0.06
481	1.34	0.06
482	1.35	0.06
483	1.35	0.06
484	1.33	0.06
485	1.29	0.03
486	1.35	0.06
487	1.42	0.06
488	1.44	0.08
489	1.24	0.03
490	1.43	0.09
491	1.57	0.09
492	2.04	0.15
493	1.35	0.06
494	1.36	0.06
495	1.45	0.06
496	1.26	0.03
497	1.45	0.10
498	1.24	0.03
499	1.25	0.03
500	1.43	0.06
501	1.44	0.08
502	1.23	0.03
503	1.42	0.09
504	1.34	0.05
505	1.35	0.06
