Policy	A	B
0	22.11	1.94
1	10.96	1.71
2	13.17	1.63
3	9.00	1.56
4	14.04	4.04
5	14.24	2.04
6	7.98	1.43
7	7.01	1.60
8	30.65	3.58
9	7.04	2.66
10	4.99	1.65
11	8.98	1.53
12	6.00	1.98
13	56.87	4.01
14	91.54	12.49
15	59.63	3.65
16	61.63	3.93
17	5.78	1.55
18	4.27	1.55
19	4.57	1.80
20	4.16	1.59
21	7.42	2.45
22	4.34	1.46
23	4.73	1.77
24	4.55	1.68
25	12.68	3.32
26	3.22	1.43
27	5.19	1.84
28	5.28	2.47
29	4.25	1.51
30	8.45	3.62
31	4.38	1.70
32	4.66	1.99
33	4.47	1.80
34	8.41	1.88
35	4.72	1.60
36	4.96	1.63
37	10.38	3.23
38	8.47	2.05
39	4.57	1.75
40	4.66	1.73
41	10.36	4.21
42	9.83	4.02
43	4.53	1.70
44	10.41	3.83
45	11.18	3.83
46	10.94	4.02
47	9.97	4.28
48	9.88	3.63
49	10.86	3.09
50	10.07	4.08
51	9.64	3.67
52	10.21	4.39
53	10.51	3.78
54	9.11	3.82
55	10.46	3.82
56	3.96	1.29
57	4.47	1.68
58	4.62	1.65
59	4.08	1.34
60	4.22	1.78
61	12.42	3.60
62	4.08	1.60
63	2.76	1.33
64	8.25	2.16
65	8.34	2.32
66	9.89	2.26
67	4.03	1.94
68	3.40	1.89
69	3.51	2.10
70	8.94	2.48
71	9.00	2.41
72	9.13	2.53
73	8.87	2.42
74	9.41	2.85
75	8.81	2.63
76	8.49	2.23
77	8.77	2.50
78	12.97	3.54
79	5.05	1.46
80	4.94	2.16
81	8.95	2.39
82	4.98	2.33
83	9.29	2.73
84	3.20	1.80
85	8.77	2.60
86	8.97	2.54
87	14.41	3.70
88	9.71	2.61
89	9.40	2.88
90	3.25	1.98
91	4.21	1.46
92	4.42	1.56
93	9.67	2.16
94	5.53	1.96
95	9.79	1.59
96	4.61	1.70
97	14.19	4.05
98	9.18	2.77
99	8.98	2.81
100	8.43	2.62
101	8.66	2.80
102	8.93	2.79
103	8.45	2.31
104	9.21	2.20
105	4.54	1.60
106	9.85	2.23
107	8.44	2.65
108	8.52	2.56
109	8.28	2.53
110	8.33	2.46
111	8.65	2.64
112	8.79	2.87
113	8.65	2.75
114	8.44	2.31
115	8.95	2.56
116	4.81	1.93
117	4.70	1.50
118	3.59	1.37
119	8.34	1.75
120	8.19	2.08
121	3.97	1.70
122	4.17	1.89
123	21.86	4.01
124	59.63	1.78
125	7.82	1.16
126	4.05	1.47
127	11.79	4.76
128	27.20	9.08
129	4.73	1.37
130	4.77	1.45
131	4.63	1.89
132	4.06	1.57
133	2.56	1.18
134	4.18	1.86
135	4.23	1.80
136	13.91	6.98
137	3.83	1.60
138	24.81	3.26
139	24.55	3.26
140	4.43	1.16
141	4.07	1.31
142	55.64	12.48
143	4.23	1.34
144	3.93	1.18
145	4.37	1.63
146	4.05	1.90
147	4.55	1.58
148	3.80	1.65
149	3.91	1.69
150	3.84	1.52
151	4.35	1.66
152	8498.40	42.98
153	4.19	1.48
154	3.96	1.56
155	4.41	1.89
156	3.87	1.40
157	3.79	1.51
158	3.86	1.54
159	4.25	1.70
160	3.81	1.63
161	3.70	1.76
162	3.78	1.78
163	3.82	1.73
164	3.68	1.75
165	3.72	1.75
166	3.80	1.76
167	3.89	1.73
168	4.29	1.61
169	3.80	1.59
170	4.19	1.84
171	4.15	1.72
172	3.82	1.69
173	4.33	1.34
174	4.23	1.85
175	28.11	6.45
176	4.14	1.63
177	10.36	3.06
178	15.20	2.87
179	8.96	2.68
180	4.49	2.11
181	4.57	2.34
182	8.62	2.30
183	4.14	1.84
184	6.81	2.09
185	4.20	1.87
186	4.27	2.01
187	62.01	4.80
188	37.94	2.90
189	63.05	4.43
190	4.93	1.89
191	8.77	2.20
192	7.72	1.58
193	10.53	3.21
194	10.44	3.11
195	11.92	3.94
196	10.66	3.09
197	10.26	2.98
198	12.40	3.49
199	4.00	1.37
200	4.68	1.36
201	73.71	8.19
202	4.64	1.96
203	4.24	1.90
204	12.54	2.60
205	4.70	2.28
206	8.89	2.74
207	7.10	2.24
208	4.17	1.81
209	8.75	1.94
210	4.87	2.58
211	5.00	2.36
212	59.36	3.65
213	4.25	1.65
214	4.31	2.01
215	4.45	2.22
216	58.51	1.55
217	3.41	1.90
218	4.44	1.87
219	4.01	1.63
220	3.79	1.46
221	109.63	19.42
222	10.12	3.01
223	7.83	1.62
224	2.87	1.66
225	4.05	1.88
226	4.11	1.88
227	4.54	2.17
228	4.29	1.90
229	4.09	1.83
230	4.01	1.76
231	8.23	2.32
232	4.54	1.80
233	4.24	1.74
234	37.22	3.17
235	58.39	3.82
236	53.54	4.63
237	3.89	1.51
238	3.84	1.52
239	9.25	2.39
240	9.29	7.80
241	4.68	1.33
242	4.50	1.98
243	4.26	2.11
244	4.05	1.62
245	8.15	2.02
246	12.57	3.51
247	4.56	2.09
248	8.76	5.04
249	11.19	4.95
250	14.96	4.43
251	7.56	3.21
252	7.43	2.79
253	8.14	2.25
254	10.46	2.38
255	15.72	2.89
256	4.27	2.03
257	4.19	1.90
258	4.87	1.94
259	7.55	3.04
260	8.39	3.67
261	4.09	1.75
262	8.30	2.40
263	6.97	2.37
264	4.25	1.93
265	8.00	1.96
266	17.33	3.00
267	4.36	1.97
268	5.37	2.29
269	4.21	1.89
270	3.89	1.61
271	8.52	2.61
272	6.06	2.95
273	9.40	3.01
274	7.84	4.01
275	4.66	1.88
276	7.94	1.84
277	15.95	4.05
278	7.55	1.97
279	4.58	2.19
280	8.07	2.28
281	8.34	2.50
282	4.50	2.04
283	4.61	2.12
284	3.19	1.80
285	5.75	2.94
286	12.80	4.95
287	4.31	1.92
288	3.08	2.21
289	68.60	1.88
290	11.93	3.79
291	12.77	4.10
292	8.47	2.45
293	24.84	3.45
294	3.85	1.46
295	3.85	1.53
296	3.79	1.51
297	3.87	1.52
298	4.20	1.74
299	5.11	2.90
300	4.13	1.95
301	4.27	1.98
302	6.63	3.47
303	3.31	2.05
304	4.24	2.09
305	5.09	2.45
306	13.83	2.87
307	5.02	1.48
308	2.39	1.80
309	2.09	1.20
310	4.22	1.85
311	4.54	2.23
312	2.81	1.50
313	4.30	1.85
314	4.31	1.88
315	4.11	1.76
316	4.02	1.66
317	3.54	2.06
318	4.31	1.90
319	4.39	1.74
320	8.40	2.24
321	45.50	3.92
322	9.78	1.98
323	61.10	8.82
324	18.33	1.19
325	8.73	1.73
326	8.36	2.24
327	4.17	1.99
328	19.28	4.17
329	4.47	2.09
330	4.84	2.47
331	9.96	3.21
332	18.21	4.50
333	34.45	1.45
334	10.47	2.37
335	3.81	1.42
336	7.94	1.77
337	8.03	2.23
338	7.79	2.73
339	8.45	2.35
340	3.92	1.59
341	17.06	9.31
342	3.10	1.74
343	8.49	2.56
344	4.98	2.27
345	4.40	1.97
346	51.55	8.31
347	29.86	2.89
348	8.82	2.21
349	8.01	2.48
350	6.12	4.49
351	5.79	2.18
352	8.36	1.89
353	4.16	2.09
354	5.30	2.56
355	9.36	2.64
356	5.39	2.63
357	3.01	1.70
358	4.26	1.73
359	5.31	2.39
360	5.02	2.46
361	5.75	2.75
362	30.26	4.72
363	3.82	1.44
364	52.42	2.20
365	4.12	1.52
366	4.18	1.43
367	4.13	1.84
368	4.93	2.42
369	4.61	1.69
370	4.16	1.78
371	8.40	2.46
372	4.33	1.92
373	8.56	2.60
374	4.25	1.98
375	3.07	1.86
376	9.91	3.35
377	5.19	2.65
378	3.72	1.79
379	58.47	3.91
380	74.94	1.88
381	13.82	1.63
382	12.79	1.55
383	58.59	1.80
384	45.76	1.65
385	33.04	1.56
386	72.21	1.84
387	59.45	1.61
388	91.23	2.01
389	55.13	1.59
390	12.79	1.57
391	182.46	3.03
392	70.58	1.95
393	32.54	1.56
394	72.50	1.83
395	57.65	1.67
396	55.33	1.76
397	57.21	1.60
398	74.12	1.88
399	62.03	1.89
400	39.01	1.75
401	54.85	1.58
402	12.77	1.62
403	88.13	2.03
404	57.20	1.67
405	31.79	1.46
406	57.94	1.70
407	12.81	1.56
408	56.65	1.84
409	12.82	1.61
410	58.57	1.70
411	58.76	1.71
412	71.35	1.98
413	159.53	2.95
414	13.05	1.45
415	32.91	1.46
416	58.09	1.78
417	31.52	1.69
418	34.06	1.50
419	56.85	1.77
420	33.64	1.53
421	58.82	1.66
422	35.00	1.44
423	55.79	1.69
424	76.49	2.00
425	127.03	2.86
426	91.63	2.91
427	76.34	2.07
428	179.73	3.22
429	47.40	7.94
430	71.52	1.99
431	78.22	2.54
432	59.08	1.87
433	36.57	2.05
434	32.17	1.56
435	81.67	2.14
436	58.23	1.73
437	3.41	1.81
438	8.28	3.06
439	36.28	1.76
440	5.34	2.13
441	58.31	1.56
442	71.60	2.04
443	78.99	2.00
444	39.44	1.80
445	87.92	2.08
446	56.94	2.02
447	60.65	1.92
448	14.34	2.49
449	58.01	1.95
450	58.66	2.49
451	75.70	2.05
452	8.54	3.08
453	34.34	1.88
454	72.64	2.28
455	6.65	2.19
456	58.05	1.82
457	108.17	2.38
458	13.08	1.75
459	58.88	1.68
460	4.63	1.85
461	59.89	1.77
462	77.65	2.52
463	3.05	1.61
464	8.65	2.03
465	2.70	1.61
466	32.24	1.36
467	13.54	5.24
468	36.41	2.99
469	2.63	1.33
470	4.20	1.85
471	4.14	1.88
472	4.26	2.18
473	3.77	1.78
474	2.48	1.19
475	3.77	1.69
476	2.42	1.18
477	2.49	1.16
478	2.53	1.37
479	4.49	2.14
480	4.33	1.99
481	3.97	1.81
482	4.02	1.99
483	3.90	1.64
484	8.44	3.05
485	5.53	1.92
486	4.17	1.84
487	4.14	1.72
488	8.46	2.37
489	3.11	1.83
490	8.12	2.55
491	8.21	2.07
492	17.94	3.73
493	4.18	2.11
494	4.13	2.01
495	4.52	1.98
496	3.12	1.84
497	9.59	2.10
498	3.07	1.80
499	2.99	1.58
500	3.96	1.61
501	8.09	2.21
502	3.52	2.48
503	7.79	2.09
504	6.19	1.79
505	5.69	2.98
