NumberStatement	NumberMCI	NumberRRI	MCISolvingRoundAverage	TotalTimeAverage	MCILabelsTimeAverage	MCIOperationsTimeAverage	RRIOperationsTimeAverage	RRIILPSolvingTimeAverage
1	1	1	16	13.84	12.92	0.77	0.15	0.00
2	4	2	36	35.03	31.46	3.26	0.31	0.00
3	9	3	64	53.11	44.68	7.92	0.50	0.00
4	16	4	100	84.54	69.36	14.52	0.65	0.00
5	25	5	144	130.09	107.49	21.83	0.76	0.00
6	36	6	196	195.68	162.78	31.96	0.94	0.00
7	49	7	256	235.77	194.61	39.91	1.26	0.00
8	64	8	324	331.18	272.44	56.53	2.21	0.00
9	81	9	400	413.58	332.37	77.72	3.49	0.00
10	100	10	484	545.37	437.46	103.58	4.33	0.00
11	121	11	576	770.62	608.15	155.08	7.39	0.00
12	144	12	676	1216.96	992.19	213.99	10.79	0.00
13	169	13	784	1677.99	1373.51	289.67	14.81	0.00
14	196	14	900	1863.50	1446.27	399.49	17.75	0.00
15	225	15	1024	2430.74	1875.01	532.28	23.45	0.00
