NumberStatement	NumberMCI	NumberRRI	MCISolvingRoundAverage	TotalTimeAverage	MCILabelsTimeAverage	MCIOperationsTimeAverage	RRIOperationsTimeAverage	RRIILPSolvingTimeAverage
1	1	1	16	19.66	15.86	1.22	0.14	2.45
2	4	2	36	41.14	34.13	3.62	0.28	3.11
3	9	3	64	61.25	49.08	8.18	0.57	3.43
4	16	4	100	93.06	75.33	14.00	0.87	2.87
5	25	5	144	146.91	123.96	18.72	1.44	2.79
6	36	6	196	210.26	178.00	27.77	1.88	2.61
7	49	7	256	251.14	212.45	33.31	2.69	2.70
8	64	8	324	355.19	301.18	45.19	5.13	3.68
9	81	9	400	417.50	351.42	53.05	8.14	4.89
10	100	10	484	553.62	467.25	67.79	11.77	6.80
11	121	11	576	821.58	700.22	92.61	19.11	9.64
12	144	12	676	1283.56	1113.50	129.34	27.32	13.40
13	169	13	784	1746.03	1530.44	158.28	38.77	18.53
14	196	14	900	2071.21	1767.95	224.19	54.34	24.74
15	225	15	1024	2512.69	2137.41	267.76	73.98	33.53
