NumberStatement	NumberMCI	NumberRRI	MCISolvingRoundAverage	TotalTimeAverage	MCILabelsTimeAverage	MCIOperationsTimeAverage	RRIOperationsTimeAverage	RRIILPSolvingTimeAverage
2	8	8	20	23.07	19.23	3.25	0.59	0.00
1	2	2	12	10.04	8.84	1.02	0.17	0.00
1	12	12	20	13.31	11.79	1.27	0.25	0.00
2	8	8	20	9.55	8.27	1.09	0.19	0.00
1	10	10	36	13.52	11.58	1.79	0.15	0.00
2	14	14	32	14.39	12.69	1.50	0.21	0.00
1	2	2	12	8.03	7.29	0.67	0.07	0.00
2	8	8	20	7.45	6.40	0.93	0.12	0.00
3	16	16	76	30.76	28.06	2.49	0.21	0.00
1	4	4	9	7.32	6.81	0.44	0.07	0.00
2	8	8	20	5.84	4.97	0.76	0.11	0.00
1	21	21	32	8.77	7.67	0.97	0.13	0.00
1	12	12	20	5.61	4.91	0.60	0.10	0.00
1	48	48	136	55.41	51.35	3.83	0.24	0.00
1	240	240	408	82.88	71.82	10.09	0.96	0.00
1	45	45	128	59.39	56.19	3.01	0.19	0.00
1	45	45	128	61.08	57.78	3.10	0.20	0.00
2	8	8	20	4.90	4.21	0.60	0.09	0.00
2	8	8	20	4.46	3.80	0.58	0.08	0.00
2	8	8	20	4.83	4.18	0.57	0.08	0.00
2	8	8	20	4.33	3.68	0.57	0.08	0.00
1	4	4	18	7.26	6.67	0.54	0.05	0.00
2	8	8	20	5.07	4.35	0.63	0.08	0.00
1	12	12	20	5.20	4.49	0.62	0.09	0.00
1	12	12	20	4.60	3.98	0.54	0.08	0.00
3	14	14	67	12.29	10.44	1.74	0.12	0.00
1	2	2	12	3.29	2.90	0.34	0.04	0.00
2	5	5	24	5.03	4.35	0.62	0.06	0.00
2	8	8	20	5.16	4.56	0.53	0.07	0.00
1	12	12	20	4.20	3.61	0.52	0.07	0.00
2	10	10	36	8.08	7.08	0.92	0.07	0.00
2	8	8	20	4.40	3.78	0.54	0.07	0.00
2	8	8	20	5.13	4.51	0.55	0.07	0.00
2	8	8	20	4.26	3.68	0.51	0.07	0.00
1	21	21	32	8.59	7.64	0.84	0.11	0.00
1	12	12	20	4.62	4.01	0.54	0.07	0.00
1	12	12	20	4.62	4.01	0.54	0.08	0.00
3	14	14	59	9.27	7.71	1.45	0.11	0.00
2	14	14	32	8.14	7.22	0.82	0.10	0.00
1	12	12	20	4.50	3.91	0.53	0.07	0.00
1	12	12	20	5.74	5.02	0.64	0.08	0.00
2	9	9	32	12.28	11.27	0.93	0.08	0.00
2	9	9	32	9.69	8.83	0.80	0.06	0.00
1	12	12	20	4.49	3.91	0.51	0.07	0.00
2	9	9	32	10.28	9.43	0.79	0.06	0.00
2	9	9	32	11.96	11.03	0.86	0.07	0.00
2	9	9	32	12.80	11.80	0.93	0.07	0.00
2	9	9	32	9.99	9.13	0.80	0.06	0.00
2	9	9	32	9.78	8.93	0.78	0.06	0.00
2	9	9	32	10.70	9.84	0.80	0.06	0.00
2	9	9	32	10.03	9.17	0.80	0.06	0.00
2	9	9	32	9.62	8.69	0.86	0.07	0.00
2	9	9	32	10.17	9.29	0.81	0.07	0.00
2	9	9	32	10.38	9.48	0.84	0.07	0.00
2	9	9	32	9.39	8.48	0.84	0.07	0.00
2	9	9	32	10.33	9.45	0.81	0.06	0.00
1	12	12	20	4.78	4.08	0.62	0.08	0.00
1	12	12	20	6.57	5.78	0.70	0.09	0.00
1	12	12	20	5.73	5.02	0.62	0.08	0.00
1	12	12	20	4.18	3.61	0.51	0.07	0.00
2	8	8	20	4.26	3.68	0.51	0.07	0.00
3	14	14	66	12.13	10.38	1.65	0.11	0.00
2	8	8	20	4.13	3.55	0.52	0.07	0.00
1	2	2	12	2.75	2.39	0.33	0.03	0.00
2	14	14	32	8.14	7.27	0.78	0.09	0.00
2	14	14	32	8.17	7.29	0.79	0.09	0.00
2	14	14	32	8.26	7.39	0.77	0.09	0.00
1	2	2	12	3.49	3.14	0.32	0.03	0.00
1	2	2	12	3.35	3.00	0.33	0.03	0.00
1	2	2	12	3.50	3.15	0.32	0.03	0.00
2	14	14	32	8.79	7.91	0.80	0.09	0.00
2	14	14	32	9.71	8.77	0.84	0.10	0.00
2	14	14	32	9.55	8.61	0.84	0.10	0.00
2	14	14	32	10.79	9.71	0.96	0.12	0.00
2	14	14	32	8.85	7.98	0.78	0.08	0.00
2	14	14	32	8.72	7.84	0.79	0.09	0.00
2	14	14	32	8.42	7.55	0.79	0.09	0.00
2	14	14	32	8.49	7.63	0.78	0.09	0.00
2	15	15	48	12.92	11.63	1.20	0.09	0.00
1	2	2	18	5.06	4.55	0.48	0.03	0.00
2	8	8	20	5.57	4.91	0.59	0.07	0.00
2	14	14	32	8.99	8.12	0.78	0.08	0.00
2	8	8	20	4.92	4.36	0.50	0.06	0.00
2	14	14	32	9.25	8.33	0.83	0.09	0.00
1	2	2	12	3.29	2.93	0.33	0.03	0.00
2	14	14	32	9.74	8.77	0.87	0.09	0.00
2	14	14	32	11.14	10.06	0.96	0.12	0.00
3	14	14	69	13.46	11.72	1.63	0.11	0.00
2	14	14	32	8.80	7.93	0.79	0.08	0.00
2	14	14	32	9.30	8.43	0.78	0.08	0.00
1	2	2	12	3.80	3.39	0.38	0.03	0.00
1	12	12	20	4.67	4.00	0.59	0.07	0.00
2	8	8	20	3.89	3.33	0.50	0.06	0.00
2	14	14	32	8.47	7.54	0.84	0.09	0.00
2	8	8	20	4.30	3.73	0.51	0.06	0.00
1	21	21	32	7.74	6.85	0.80	0.09	0.00
1	12	12	20	4.14	3.57	0.52	0.06	0.00
3	20	20	96	13.10	10.76	2.22	0.13	0.00
2	14	14	32	9.09	8.24	0.76	0.09	0.00
2	14	14	32	8.72	7.85	0.78	0.08	0.00
2	14	14	32	8.49	7.63	0.78	0.08	0.00
2	14	14	32	8.63	7.78	0.77	0.09	0.00
2	14	14	32	8.74	7.87	0.79	0.09	0.00
2	14	14	32	8.25	7.39	0.77	0.08	0.00
2	14	14	32	8.34	7.49	0.77	0.09	0.00
1	2	2	12	3.61	3.17	0.41	0.03	0.00
2	14	14	32	8.12	7.24	0.79	0.09	0.00
2	14	14	32	9.46	8.46	0.90	0.10	0.00
2	14	14	32	8.56	7.70	0.77	0.08	0.00
2	14	14	32	9.18	8.19	0.89	0.10	0.00
2	14	14	32	8.27	7.39	0.80	0.08	0.00
2	14	14	32	8.72	7.85	0.78	0.08	0.00
2	14	14	32	8.80	7.93	0.79	0.09	0.00
2	14	14	32	8.58	7.71	0.78	0.09	0.00
2	14	14	32	8.51	7.62	0.80	0.09	0.00
2	14	14	32	8.87	8.00	0.78	0.08	0.00
1	12	12	20	4.80	4.24	0.50	0.06	0.00
2	8	8	20	3.85	3.28	0.52	0.06	0.00
1	2	2	12	2.69	2.33	0.33	0.03	0.00
1	18	18	28	6.84	6.06	0.69	0.08	0.00
2	14	14	32	8.41	7.54	0.79	0.08	0.00
2	8	8	20	3.97	3.40	0.51	0.06	0.00
2	8	8	20	4.20	3.64	0.50	0.06	0.00
3	14	14	72	22.86	20.87	1.87	0.11	0.00
1	15	15	48	59.23	57.96	1.20	0.07	0.00
1	21	21	32	8.44	7.51	0.83	0.09	0.00
1	12	12	20	4.04	3.47	0.51	0.06	0.00
2	8	8	20	11.88	11.31	0.51	0.06	0.00
3	27	27	189	25.06	20.79	4.09	0.18	0.00
1	4	4	18	4.47	3.97	0.47	0.03	0.00
1	4	4	18	4.77	4.27	0.47	0.03	0.00
1	12	12	20	4.74	4.16	0.51	0.06	0.00
1	12	12	20	4.01	3.44	0.51	0.06	0.00
1	2	2	12	2.62	2.27	0.32	0.03	0.00
2	8	8	20	4.77	4.12	0.58	0.07	0.00
2	8	8	20	4.29	3.70	0.53	0.07	0.00
2	14	14	32	13.86	12.95	0.82	0.09	0.00
2	8	8	20	3.90	3.31	0.52	0.06	0.00
3	16	16	78	24.46	22.41	1.92	0.12	0.00
3	16	16	79	24.05	22.06	1.87	0.12	0.00
1	12	12	20	4.55	3.92	0.56	0.07	0.00
1	12	12	20	3.94	3.38	0.50	0.06	0.00
2	8	8	47	56.01	54.66	1.27	0.08	0.00
1	12	12	20	4.21	3.65	0.50	0.06	0.00
2	8	8	20	3.87	3.31	0.50	0.06	0.00
1	12	12	20	4.39	3.81	0.51	0.06	0.00
2	8	8	20	4.05	3.49	0.50	0.06	0.00
2	8	8	20	3.98	3.42	0.50	0.06	0.00
2	8	8	20	3.90	3.33	0.51	0.06	0.00
2	8	8	20	3.93	3.37	0.51	0.06	0.00
2	8	8	20	3.87	3.30	0.51	0.06	0.00
2	8	8	20	4.05	3.47	0.52	0.06	0.00
3	40	40	265	8244.78	8224.10	18.14	2.54	0.00
2	8	8	20	4.71	4.07	0.57	0.07	0.00
1	12	12	20	3.91	3.33	0.52	0.07	0.00
2	8	8	20	4.39	3.81	0.52	0.06	0.00
2	8	8	20	3.81	3.24	0.51	0.06	0.00
2	8	8	20	4.22	3.61	0.54	0.06	0.00
2	8	8	20	3.83	3.26	0.51	0.06	0.00
1	12	12	20	4.20	3.63	0.52	0.06	0.00
2	8	8	20	4.15	3.52	0.57	0.07	0.00
2	8	8	20	4.19	3.52	0.60	0.07	0.00
2	8	8	20	4.31	3.67	0.57	0.07	0.00
2	8	8	20	3.70	3.13	0.51	0.06	0.00
2	8	8	20	3.70	3.13	0.51	0.06	0.00
2	8	8	20	3.71	3.14	0.51	0.06	0.00
2	8	8	20	4.30	3.64	0.59	0.07	0.00
2	8	8	20	3.73	3.15	0.51	0.06	0.00
2	8	8	20	3.70	3.13	0.52	0.06	0.00
2	8	8	20	4.38	3.73	0.59	0.07	0.00
2	8	8	20	4.20	3.64	0.50	0.06	0.00
1	12	12	20	4.12	3.55	0.51	0.06	0.00
2	8	8	20	3.80	3.24	0.51	0.06	0.00
1	3	3	16	4.33	3.89	0.41	0.03	0.00
2	8	8	20	4.22	3.66	0.49	0.06	0.00
5	16	16	125	26.58	23.16	3.22	0.19	0.00
1	12	12	20	4.17	3.59	0.51	0.06	0.00
3	15	15	54	10.02	8.61	1.32	0.09	0.00
4	17	17	51	14.74	13.11	1.49	0.14	0.00
2	14	14	32	8.90	8.04	0.77	0.08	0.00
2	8	8	20	4.46	3.88	0.52	0.06	0.00
2	8	8	20	4.58	4.01	0.51	0.06	0.00
4	11	11	36	8.57	7.38	1.08	0.11	0.00
2	8	8	20	4.12	3.55	0.51	0.06	0.00
1	9	9	32	6.88	6.02	0.81	0.05	0.00
2	8	8	20	4.24	3.66	0.52	0.06	0.00
2	8	8	20	4.25	3.68	0.51	0.06	0.00
3	54	54	144	59.24	55.46	3.48	0.29	0.00
3	24	24	63	35.25	33.56	1.54	0.15	0.00
2	45	45	153	57.94	54.21	3.53	0.21	0.00
2	8	8	20	4.68	4.12	0.50	0.06	0.00
1	21	21	32	8.73	7.86	0.78	0.09	0.00
1	21	21	32	7.56	6.69	0.78	0.09	0.00
1	21	21	32	10.57	9.67	0.80	0.09	0.00
1	21	21	32	10.42	9.54	0.79	0.09	0.00
1	21	21	32	11.94	11.05	0.80	0.09	0.00
1	21	21	32	10.63	9.75	0.80	0.09	0.00
1	21	21	32	10.21	9.33	0.79	0.09	0.00
1	21	21	32	12.41	11.52	0.80	0.09	0.00
1	12	12	20	3.94	3.37	0.51	0.06	0.00
1	12	12	20	3.86	3.27	0.53	0.06	0.00
4	1	1	62	64.16	62.66	1.50	0.00	0.00
2	8	8	20	4.74	4.07	0.58	0.09	0.00
2	8	8	20	4.22	3.62	0.52	0.08	0.00
3	6	6	41	12.37	11.23	1.07	0.07	0.00
2	8	8	20	4.69	4.11	0.51	0.06	0.00
2	14	14	32	8.60	7.73	0.78	0.09	0.00
1	18	18	28	6.96	6.20	0.68	0.08	0.00
2	8	8	20	4.75	4.10	0.58	0.07	0.00
1	21	21	32	8.74	7.84	0.81	0.10	0.00
2	8	8	20	5.36	4.70	0.58	0.07	0.00
2	8	8	20	5.11	4.47	0.57	0.07	0.00
2	45	45	122	55.02	52.01	2.81	0.20	0.00
2	8	8	20	4.91	4.27	0.57	0.07	0.00
2	8	8	20	4.36	3.78	0.52	0.06	0.00
2	8	8	20	4.49	3.92	0.51	0.06	0.00
1	15	15	48	57.64	56.37	1.19	0.07	0.00
1	2	2	12	3.43	3.08	0.32	0.03	0.00
2	8	8	20	4.49	3.93	0.50	0.07	0.00
2	8	8	20	4.01	3.44	0.50	0.07	0.00
1	12	12	20	3.82	3.25	0.50	0.06	0.00
6	29	29	400	98.07	86.33	11.41	0.33	0.00
1	18	18	56	9.59	8.14	1.37	0.08	0.00
1	21	21	32	7.82	6.94	0.79	0.09	0.00
1	2	2	12	2.98	2.63	0.32	0.03	0.00
2	8	8	20	4.13	3.55	0.52	0.07	0.00
2	8	8	20	4.26	3.68	0.51	0.06	0.00
2	8	8	20	5.30	4.64	0.59	0.07	0.00
2	8	8	20	4.29	3.71	0.52	0.07	0.00
2	8	8	20	4.08	3.50	0.51	0.06	0.00
2	8	8	20	4.03	3.47	0.50	0.06	0.00
1	10	10	36	8.18	7.21	0.90	0.06	0.00
1	12	12	20	4.53	3.95	0.51	0.07	0.00
1	12	12	20	4.24	3.66	0.51	0.07	0.00
1	36	36	104	35.41	32.94	2.32	0.14	0.00
1	45	45	128	56.50	53.51	2.82	0.16	0.00
3	48	48	136	51.71	48.35	3.12	0.24	0.00
2	8	8	20	3.90	3.33	0.51	0.06	0.00
2	8	8	20	3.83	3.25	0.52	0.06	0.00
2	18	18	53	8.90	7.53	1.29	0.09	0.00
1	10	10	36	9.23	8.28	0.89	0.06	0.00
1	12	12	20	4.08	3.50	0.52	0.06	0.00
2	8	8	20	4.43	3.87	0.50	0.06	0.00
2	8	8	20	4.24	3.67	0.51	0.06	0.00
1	12	12	20	4.05	3.48	0.51	0.06	0.00
1	21	21	32	7.97	7.10	0.79	0.08	0.00
3	14	14	76	11.84	10.00	1.75	0.10	0.00
2	8	8	20	4.52	3.96	0.50	0.06	0.00
1	0	0	1	8.60	8.53	0.07	0.00	0.00
1	2	2	12	11.73	11.35	0.34	0.03	0.00
2	8	8	20	14.85	14.29	0.50	0.06	0.00
2	4	4	57	6.79	5.28	1.45	0.06	0.00
1	6	6	28	7.10	6.30	0.75	0.06	0.00
2	14	14	32	8.01	7.15	0.77	0.09	0.00
3	13	13	45	10.15	8.81	1.23	0.10	0.00
4	17	17	60	16.84	14.94	1.75	0.15	0.00
2	8	8	20	4.27	3.68	0.52	0.07	0.00
2	8	8	20	4.18	3.60	0.51	0.07	0.00
2	8	8	20	4.29	3.71	0.52	0.06	0.00
1	9	9	32	7.50	6.65	0.80	0.05	0.00
1	9	9	32	8.52	7.64	0.82	0.06	0.00
2	8	8	20	4.45	3.82	0.55	0.07	0.00
2	14	14	32	11.33	10.16	1.05	0.12	0.00
1	9	9	32	7.77	6.89	0.83	0.06	0.00
2	8	8	20	4.26	3.68	0.51	0.07	0.00
1	21	21	32	7.91	7.04	0.78	0.09	0.00
8	12	12	40	17.40	16.18	1.09	0.13	0.00
2	8	8	20	5.59	4.89	0.62	0.08	0.00
1	12	12	20	6.82	6.11	0.63	0.07	0.00
2	8	8	20	4.43	3.84	0.53	0.07	0.00
2	8	8	20	3.84	3.26	0.51	0.07	0.00
2	14	14	32	8.45	7.58	0.78	0.09	0.00
1	12	12	20	6.04	5.47	0.50	0.07	0.00
2	14	14	32	9.86	8.94	0.83	0.09	0.00
1	10	10	36	9.62	8.48	1.07	0.07	0.00
2	8	8	20	5.03	4.40	0.56	0.07	0.00
1	21	21	32	7.84	6.96	0.79	0.09	0.00
4	14	14	88	15.11	13.01	1.98	0.12	0.00
2	14	14	32	7.48	6.65	0.75	0.09	0.00
2	8	8	20	4.49	3.91	0.51	0.06	0.00
2	14	14	32	8.22	7.31	0.81	0.09	0.00
2	14	14	32	8.38	7.49	0.80	0.09	0.00
1	12	12	20	4.58	3.98	0.53	0.07	0.00
2	8	8	20	4.60	4.03	0.51	0.07	0.00
1	2	2	12	3.33	2.96	0.34	0.03	0.00
2	8	8	20	5.68	5.08	0.53	0.07	0.00
1	6	6	48	12.43	10.97	1.40	0.06	0.00
2	8	8	20	4.32	3.74	0.52	0.07	0.00
1	2	2	6	3.13	2.91	0.20	0.03	0.00
1	18	18	56	68.41	66.89	1.42	0.09	0.00
3	14	14	78	13.75	11.54	2.09	0.12	0.00
3	14	14	57	13.67	12.04	1.52	0.10	0.00
2	14	14	32	8.43	7.53	0.81	0.09	0.00
3	16	16	77	24.11	22.14	1.84	0.13	0.00
2	8	8	20	3.84	3.27	0.51	0.06	0.00
2	8	8	20	3.88	3.30	0.52	0.06	0.00
2	8	8	20	3.83	3.25	0.52	0.06	0.00
2	8	8	20	3.84	3.27	0.51	0.06	0.00
1	12	12	20	4.21	3.62	0.52	0.06	0.00
2	8	8	20	5.13	4.54	0.53	0.06	0.00
2	8	8	20	4.18	3.60	0.52	0.06	0.00
1	9	9	16	4.34	3.87	0.42	0.05	0.00
1	6	6	24	6.49	5.81	0.64	0.04	0.00
1	2	2	12	3.37	3.00	0.34	0.03	0.00
2	8	8	20	4.33	3.74	0.53	0.06	0.00
2	8	8	20	5.11	4.51	0.53	0.06	0.00
2	23	23	58	13.63	11.86	1.64	0.12	0.00
1	3	3	16	5.04	4.58	0.43	0.03	0.00
1	4	4	9	2.52	2.22	0.27	0.04	0.00
1	2	2	6	2.18	1.96	0.20	0.03	0.00
1	12	12	20	4.29	3.71	0.52	0.06	0.00
2	8	8	20	4.70	4.10	0.53	0.06	0.00
1	2	2	12	2.84	2.47	0.34	0.03	0.00
1	12	12	20	4.30	3.71	0.53	0.06	0.00
2	8	8	20	4.01	3.43	0.52	0.06	0.00
2	8	8	20	3.97	3.39	0.51	0.06	0.00
2	8	8	20	3.84	3.25	0.53	0.06	0.00
2	2	2	12	3.52	3.15	0.34	0.03	0.00
1	12	12	20	4.31	3.72	0.52	0.06	0.00
1	12	12	20	4.28	3.68	0.53	0.07	0.00
2	14	14	32	8.50	7.58	0.84	0.09	0.00
1	42	42	120	44.88	41.69	3.02	0.17	0.00
1	15	15	48	9.89	8.57	1.25	0.08	0.00
2	8	8	44	60.43	59.13	1.23	0.08	0.00
1	0	0	1	16.23	16.14	0.08	0.00	0.00
2	14	14	32	7.70	6.81	0.81	0.09	0.00
2	19	19	32	8.50	7.57	0.83	0.10	0.00
2	8	8	20	4.24	3.65	0.52	0.07	0.00
4	13	13	74	18.51	16.36	2.01	0.14	0.00
2	8	8	20	4.52	3.95	0.51	0.06	0.00
2	8	8	20	4.87	4.29	0.51	0.06	0.00
2	14	14	32	9.96	9.07	0.80	0.09	0.00
3	8	8	78	17.69	15.85	1.75	0.09	0.00
1	12	12	40	34.23	33.15	1.02	0.07	0.00
2	21	21	54	10.45	8.96	1.39	0.10	0.00
2	8	8	20	4.29	3.66	0.57	0.07	0.00
1	21	21	32	7.89	7.00	0.80	0.09	0.00
2	14	14	32	8.01	7.14	0.78	0.08	0.00
1	9	9	37	7.66	6.62	0.97	0.07	0.00
2	14	14	32	8.46	7.58	0.79	0.09	0.00
1	12	12	20	3.95	3.38	0.51	0.06	0.00
1	120	120	252	12.80	5.74	6.61	0.45	0.00
1	2	2	12	3.20	2.78	0.39	0.03	0.00
2	14	14	32	8.50	7.61	0.81	0.08	0.00
2	8	8	20	5.05	4.46	0.53	0.06	0.00
2	8	8	20	4.55	3.92	0.57	0.06	0.00
3	40	40	189	48.95	44.75	4.00	0.20	0.00
3	33	33	66	29.45	27.62	1.65	0.18	0.00
1	21	21	32	8.81	7.88	0.83	0.10	0.00
1	10	10	36	7.89	6.93	0.90	0.06	0.00
2	18	18	84	5.45	3.28	2.05	0.11	0.00
1	4	4	18	5.77	5.27	0.46	0.04	0.00
1	21	21	32	8.28	7.39	0.80	0.09	0.00
2	8	8	20	4.33	3.75	0.52	0.06	0.00
2	8	8	20	5.13	4.55	0.51	0.06	0.00
1	21	21	32	9.21	8.31	0.81	0.09	0.00
2	8	8	20	5.28	4.70	0.52	0.06	0.00
1	2	2	12	2.98	2.62	0.33	0.03	0.00
1	12	12	20	4.71	4.08	0.56	0.07	0.00
2	8	8	20	4.66	4.09	0.50	0.06	0.00
2	8	8	20	4.86	4.31	0.49	0.06	0.00
3	8	8	40	5.44	4.33	1.02	0.09	0.00
4	25	25	72	29.89	27.97	1.77	0.15	0.00
2	8	8	20	3.74	3.17	0.51	0.06	0.00
1	45	45	64	51.91	50.23	1.52	0.16	0.00
1	12	12	20	3.99	3.44	0.49	0.06	0.00
1	12	12	20	4.07	3.51	0.49	0.06	0.00
2	8	8	20	3.97	3.42	0.49	0.06	0.00
2	8	8	20	4.77	4.22	0.49	0.06	0.00
1	4	4	18	4.41	3.91	0.47	0.04	0.00
1	12	12	20	4.17	3.59	0.52	0.06	0.00
2	14	14	32	8.32	7.42	0.81	0.08	0.00
2	8	8	20	4.27	3.68	0.53	0.06	0.00
2	14	14	32	8.45	7.59	0.77	0.09	0.00
2	8	8	20	4.24	3.70	0.49	0.06	0.00
1	2	2	12	2.98	2.65	0.30	0.03	0.00
1	21	21	32	9.82	8.98	0.75	0.08	0.00
2	8	8	20	5.25	4.67	0.52	0.06	0.00
2	8	8	20	3.90	3.32	0.51	0.06	0.00
1	45	45	128	56.21	53.22	2.83	0.15	0.00
1	18	18	56	74.79	73.34	1.37	0.08	0.00
1	9	9	32	13.62	12.80	0.77	0.05	0.00
1	9	9	32	12.59	11.79	0.75	0.05	0.00
1	15	15	48	58.03	56.80	1.16	0.07	0.00
1	12	12	40	45.17	44.14	0.97	0.06	0.00
1	12	12	40	32.06	31.05	0.95	0.06	0.00
1	18	18	56	71.87	70.45	1.34	0.08	0.00
1	15	15	48	58.82	57.58	1.17	0.07	0.00
1	21	21	64	91.24	89.63	1.53	0.08	0.00
1	15	15	48	54.45	53.20	1.18	0.07	0.00
1	9	9	32	12.58	11.75	0.78	0.05	0.00
1	36	36	104	179.93	177.40	2.39	0.14	0.00
1	18	18	56	69.76	68.30	1.38	0.08	0.00
1	12	12	40	32.60	31.51	1.02	0.06	0.00
1	18	18	56	72.47	71.02	1.37	0.08	0.00
1	15	15	48	57.00	55.74	1.18	0.07	0.00
1	15	15	48	54.30	53.05	1.18	0.07	0.00
1	15	15	48	56.91	55.64	1.19	0.07	0.00
1	18	18	56	73.51	72.06	1.37	0.08	0.00
1	15	15	48	61.41	60.16	1.18	0.07	0.00
1	15	15	48	38.40	37.16	1.17	0.07	0.00
1	15	15	48	54.45	53.18	1.19	0.07	0.00
1	9	9	32	12.55	11.71	0.80	0.05	0.00
1	21	21	64	87.33	85.72	1.53	0.08	0.00
1	15	15	48	56.70	55.45	1.18	0.07	0.00
1	12	12	40	31.22	30.17	0.99	0.06	0.00
1	15	15	48	57.18	55.94	1.17	0.07	0.00
1	9	9	32	12.76	11.93	0.79	0.05	0.00
1	15	15	48	56.25	54.97	1.20	0.08	0.00
1	9	9	32	12.81	11.96	0.80	0.05	0.00
1	15	15	48	58.18	56.88	1.22	0.08	0.00
1	15	15	48	58.37	57.08	1.21	0.08	0.00
1	18	18	56	72.98	71.25	1.64	0.09	0.00
1	33	33	96	158.95	156.55	2.27	0.14	0.00
1	9	9	32	12.58	11.74	0.79	0.05	0.00
1	12	12	40	32.09	31.03	1.00	0.06	0.00
1	15	15	48	57.94	56.68	1.19	0.07	0.00
1	12	12	40	31.35	30.29	1.00	0.06	0.00
1	12	12	40	35.64	34.39	1.18	0.07	0.00
1	15	15	48	56.22	54.97	1.18	0.07	0.00
1	12	12	40	33.16	32.10	0.99	0.06	0.00
1	15	15	48	59.46	58.07	1.31	0.08	0.00
1	12	12	40	34.11	33.04	1.00	0.07	0.00
1	15	15	48	56.25	54.89	1.28	0.08	0.00
1	18	18	56	77.98	76.37	1.52	0.08	0.00
1	27	27	80	125.79	123.76	1.92	0.12	0.00
1	21	21	64	93.02	91.11	1.81	0.10	0.00
1	18	18	56	76.43	74.97	1.39	0.07	0.00
1	36	36	104	178.81	176.23	2.44	0.15	0.00
2	46	46	154	45.23	41.60	3.43	0.19	0.00
1	18	18	56	71.12	69.67	1.37	0.07	0.00
1	18	18	56	77.34	75.88	1.39	0.07	0.00
1	15	15	48	58.81	57.55	1.19	0.07	0.00
1	12	12	40	36.06	35.01	0.99	0.06	0.00
1	12	12	40	33.11	31.91	1.12	0.07	0.00
1	21	21	64	81.96	80.21	1.67	0.09	0.00
1	15	15	48	57.65	56.39	1.18	0.07	0.00
1	2	2	12	3.58	3.23	0.33	0.03	0.00
1	10	10	36	8.35	7.38	0.91	0.06	0.00
1	12	12	40	38.16	37.09	1.01	0.07	0.00
2	8	8	20	6.35	5.61	0.66	0.08	0.00
1	15	15	48	58.12	56.86	1.18	0.08	0.00
1	18	18	56	73.87	72.41	1.39	0.08	0.00
1	18	18	56	78.52	76.94	1.50	0.08	0.00
1	15	15	48	40.29	39.04	1.18	0.08	0.00
1	21	21	64	87.26	85.64	1.54	0.08	0.00
1	15	15	48	56.41	55.15	1.18	0.07	0.00
1	15	15	48	60.20	58.92	1.20	0.08	0.00
1	9	9	32	14.27	13.42	0.80	0.05	0.00
1	15	15	48	57.53	56.26	1.19	0.08	0.00
1	15	15	48	58.46	57.19	1.19	0.07	0.00
1	18	18	56	74.81	73.39	1.35	0.07	0.00
1	0	0	1	7.74	7.66	0.08	0.00	0.00
1	12	12	40	34.02	32.97	0.99	0.06	0.00
1	18	18	56	71.80	70.36	1.37	0.07	0.00
1	0	0	1	6.13	6.06	0.07	0.00	0.00
1	15	15	48	58.00	56.74	1.19	0.07	0.00
1	24	24	72	106.77	104.97	1.70	0.10	0.00
1	9	9	32	12.97	12.13	0.79	0.05	0.00
1	15	15	48	58.29	57.05	1.17	0.07	0.00
2	8	8	20	4.23	3.66	0.51	0.06	0.00
1	15	15	48	60.03	58.79	1.17	0.07	0.00
1	18	18	56	76.89	75.45	1.36	0.07	0.00
1	2	2	12	3.13	2.79	0.32	0.03	0.00
1	21	21	32	8.69	7.83	0.78	0.09	0.00
1	2	2	12	2.81	2.46	0.33	0.03	0.00
1	12	12	40	31.89	30.85	0.99	0.06	0.00
3	14	14	70	13.02	11.32	1.60	0.10	0.00
1	36	36	104	34.97	32.47	2.36	0.13	0.00
1	2	2	6	2.24	2.03	0.18	0.02	0.00
2	8	8	20	4.10	3.53	0.51	0.06	0.00
2	8	8	20	4.10	3.53	0.51	0.06	0.00
2	8	8	20	4.21	3.63	0.52	0.06	0.00
2	8	8	20	3.72	3.13	0.52	0.06	0.00
1	4	4	9	2.46	2.18	0.26	0.03	0.00
2	8	8	20	3.71	3.14	0.51	0.06	0.00
1	4	4	9	2.42	2.14	0.25	0.03	0.00
1	4	4	9	2.50	2.21	0.25	0.03	0.00
1	4	4	9	2.60	2.30	0.27	0.03	0.00
2	8	8	20	4.65	4.07	0.52	0.06	0.00
2	8	8	20	4.14	3.59	0.49	0.06	0.00
2	8	8	20	3.97	3.40	0.51	0.06	0.00
2	8	8	20	4.00	3.42	0.51	0.06	0.00
2	8	8	20	3.87	3.31	0.51	0.06	0.00
1	10	10	36	8.26	7.30	0.90	0.06	0.00
1	3	3	16	5.61	5.18	0.40	0.03	0.00
2	8	8	20	4.12	3.54	0.51	0.06	0.00
1	12	12	20	4.09	3.52	0.51	0.06	0.00
2	14	14	32	8.46	7.59	0.79	0.08	0.00
1	2	2	12	3.08	2.74	0.32	0.03	0.00
2	14	14	32	7.94	7.09	0.77	0.08	0.00
1	21	21	32	8.09	7.22	0.79	0.08	0.00
2	24	24	67	17.09	15.10	1.84	0.15	0.00
2	8	8	20	4.11	3.56	0.50	0.06	0.00
2	8	8	20	5.24	4.56	0.61	0.07	0.00
1	12	12	20	5.82	5.14	0.61	0.07	0.00
1	2	2	12	3.64	3.26	0.35	0.03	0.00
1	15	15	28	9.31	8.44	0.78	0.09	0.00
1	2	2	12	3.08	2.71	0.34	0.03	0.00
1	2	2	12	3.30	2.93	0.34	0.03	0.00
1	12	12	20	3.91	3.36	0.49	0.06	0.00
2	14	14	32	7.94	7.07	0.79	0.08	0.00
1	2	2	12	3.53	3.18	0.32	0.03	0.00
2	14	14	32	9.37	8.33	0.94	0.10	0.00
1	9	9	32	6.33	5.44	0.83	0.05	0.00
2	8	8	20	6.20	5.58	0.55	0.07	0.00
