NumberStatement	NumberMCI	NumberRRI	MCISolvingRoundAverage	TotalTimeAverage	MCILabelsTimeAverage	MCIOperationsTimeAverage	RRIOperationsTimeAverage	RRIILPSolvingTimeAverage
1	1	1	32	17.29	15.01	2.10	0.17	0.00
2	4	2	108	45.52	31.72	13.49	0.31	0.00
3	9	3	250	72.83	45.01	27.55	0.27	0.00
4	16	4	482	114.85	69.78	44.72	0.35	0.00
5	25	5	825	188.36	112.66	75.24	0.47	0.00
6	36	6	1296	299.16	163.69	134.78	0.70	0.00
7	49	7	1918	423.69	204.66	218.06	0.97	0.00
8	64	8	2712	676.99	283.11	392.27	1.60	0.00
9	81	9	3701	986.65	357.50	626.96	2.19	0.00
10	100	10	4903	1428.75	487.27	938.68	2.81	0.00
11	121	11	6322	2145.34	665.14	1476.79	3.41	0.00
12	144	12	8020	3197.60	1006.79	2186.31	4.50	0.00
13	169	13	9987	4515.54	1407.18	3102.70	5.66	0.00
14	196	14	12254	6022.80	1567.34	4448.74	6.72	0.00
15	225	15	14837	8106.45	1948.96	6149.42	8.06	0.00
