NumberStatement	NumberMCI	NumberRRI	MCISolvingRoundAverage	TotalTimeAverage	MCILabelsTimeAverage	MCIOperationsTimeAverage	RRIOperationsTimeAverage	RRIILPSolvingTimeAverage
1	1	1	16	15.23	13.67	1.27	0.29	0.00
2	4	2	36	37.60	32.80	4.34	0.46	0.00
3	9	3	64	55.01	45.69	8.72	0.59	0.00
4	16	4	100	84.64	69.53	14.39	0.72	0.00
5	25	5	144	128.42	106.02	21.59	0.81	0.00
6	36	6	196	201.56	169.87	30.74	0.95	0.00
7	49	7	256	233.97	193.45	39.21	1.31	0.00
8	64	8	324	333.87	274.80	56.79	2.29	0.00
9	81	9	400	404.92	324.84	76.59	3.49	0.00
10	100	10	484	544.62	435.36	104.81	4.45	0.00
11	121	11	576	764.63	602.13	155.00	7.50	0.00
12	144	12	676	1221.92	996.83	214.20	10.88	0.00
13	169	13	784	1675.09	1365.49	294.40	15.21	0.00
14	196	14	900	1884.50	1468.44	398.16	17.90	0.00
15	225	15	1024	2432.51	1875.80	533.51	23.20	0.00
