NumberStatement	NumberMCI	NumberRRI	MCISolvingRoundAverage	TotalTimeAverage	MCILabelsTimeAverage	MCIOperationsTimeAverage	RRIOperationsTimeAverage	RRIILPSolvingTimeAverage
2	8	8	20	22.63	18.78	3.33	0.51	0.00
1	2	2	12	11.14	9.97	0.99	0.18	0.00
1	12	12	20	13.39	11.83	1.34	0.23	0.00
2	8	8	20	9.16	7.86	1.14	0.16	0.00
1	10	10	36	14.19	12.05	1.99	0.15	0.00
2	14	14	32	14.43	12.56	1.68	0.19	0.00
1	2	2	12	8.06	7.38	0.60	0.07	0.00
2	8	8	20	7.12	6.11	0.90	0.12	0.00
3	16	16	76	30.82	27.31	3.34	0.18	0.00
1	4	4	9	7.11	6.67	0.37	0.07	0.00
2	8	8	20	5.09	4.28	0.71	0.10	0.00
1	21	21	32	9.11	8.00	0.98	0.13	0.00
1	12	12	20	6.10	5.33	0.67	0.10	0.00
1	48	48	136	57.10	51.47	5.40	0.23	0.00
1	240	240	408	92.56	72.89	18.65	1.02	0.00
1	45	45	128	59.82	55.14	4.49	0.19	0.00
1	45	45	128	61.84	56.67	4.96	0.21	0.00
2	8	8	20	5.88	4.99	0.79	0.10	0.00
2	8	8	20	4.34	3.68	0.59	0.07	0.00
2	8	8	20	4.65	3.99	0.58	0.07	0.00
2	8	8	20	4.23	3.57	0.59	0.07	0.00
1	4	4	18	7.48	6.80	0.62	0.06	0.00
2	8	8	20	4.42	3.71	0.63	0.08	0.00
1	12	12	20	4.81	4.10	0.63	0.08	0.00
1	12	12	20	4.63	3.93	0.62	0.08	0.00
3	14	14	67	12.80	10.22	2.46	0.13	0.00
1	2	2	12	3.26	2.84	0.38	0.05	0.00
2	5	5	24	5.25	4.44	0.75	0.07	0.00
2	8	8	20	5.36	4.66	0.62	0.08	0.00
1	12	12	20	4.34	3.64	0.61	0.09	0.00
2	10	10	36	8.53	7.30	1.15	0.08	0.00
2	8	8	20	4.47	3.74	0.64	0.08	0.00
2	8	8	20	4.74	4.02	0.64	0.08	0.00
2	8	8	20	4.55	3.85	0.62	0.08	0.00
1	21	21	32	8.53	7.43	0.98	0.11	0.00
1	12	12	20	4.79	4.11	0.61	0.08	0.00
1	12	12	20	5.03	4.33	0.63	0.08	0.00
3	14	14	59	10.52	8.27	2.11	0.13	0.00
2	14	14	32	8.56	7.46	1.01	0.10	0.00
1	12	12	20	4.65	3.97	0.60	0.07	0.00
1	12	12	20	4.73	4.06	0.60	0.07	0.00
2	9	9	32	10.42	9.39	0.97	0.07	0.00
2	9	9	32	9.90	8.89	0.94	0.07	0.00
1	12	12	20	4.60	3.92	0.61	0.07	0.00
2	9	9	32	10.47	9.42	0.99	0.07	0.00
2	9	9	32	11.25	10.21	0.97	0.07	0.00
2	9	9	32	11.01	9.96	0.98	0.07	0.00
2	9	9	32	10.03	9.03	0.94	0.06	0.00
2	9	9	32	9.94	8.90	0.98	0.06	0.00
2	9	9	32	10.92	9.89	0.97	0.06	0.00
2	9	9	32	10.13	9.11	0.96	0.06	0.00
2	9	9	32	9.71	8.66	0.98	0.06	0.00
2	9	9	32	10.27	9.23	0.98	0.06	0.00
2	9	9	32	10.57	9.54	0.97	0.07	0.00
2	9	9	32	9.18	8.14	0.97	0.07	0.00
2	9	9	32	10.52	9.51	0.95	0.06	0.00
1	12	12	20	4.03	3.37	0.59	0.06	0.00
1	12	12	20	4.54	3.86	0.61	0.07	0.00
1	12	12	20	4.69	4.00	0.62	0.07	0.00
1	12	12	20	4.14	3.48	0.60	0.06	0.00
2	8	8	20	4.28	3.64	0.58	0.06	0.00
3	14	14	66	12.53	10.10	2.32	0.11	0.00
2	8	8	20	4.15	3.49	0.59	0.06	0.00
1	2	2	12	2.79	2.39	0.37	0.03	0.00
2	14	14	32	8.34	7.28	0.97	0.10	0.00
2	14	14	32	8.44	7.36	0.98	0.10	0.00
2	14	14	32	10.00	8.80	1.09	0.10	0.00
1	2	2	12	4.07	3.63	0.40	0.04	0.00
1	2	2	12	3.43	3.02	0.38	0.03	0.00
1	2	2	12	3.54	3.14	0.37	0.03	0.00
2	14	14	32	9.05	7.94	1.00	0.11	0.00
2	14	14	32	9.10	8.03	0.97	0.10	0.00
2	14	14	32	9.23	8.15	0.98	0.10	0.00
2	14	14	32	8.97	7.89	0.98	0.10	0.00
2	14	14	32	9.50	8.39	1.02	0.09	0.00
2	14	14	32	8.91	7.84	0.97	0.10	0.00
2	14	14	32	8.58	7.53	0.96	0.09	0.00
2	14	14	32	8.86	7.80	0.97	0.09	0.00
2	15	15	48	13.06	11.46	1.51	0.09	0.00
1	2	2	18	5.07	4.48	0.57	0.03	0.00
2	8	8	20	5.01	4.34	0.60	0.06	0.00
2	14	14	32	9.04	7.97	0.98	0.09	0.00
2	8	8	20	5.04	4.36	0.62	0.06	0.00
2	14	14	32	9.37	8.28	1.01	0.08	0.00
1	2	2	12	3.23	2.84	0.36	0.03	0.00
2	14	14	32	8.86	7.80	0.97	0.08	0.00
2	14	14	32	9.05	8.00	0.97	0.08	0.00
3	14	14	69	14.52	12.03	2.38	0.10	0.00
2	14	14	32	9.80	8.68	1.03	0.09	0.00
2	14	14	32	9.49	8.44	0.96	0.08	0.00
1	2	2	12	3.28	2.88	0.37	0.03	0.00
1	12	12	20	4.26	3.58	0.63	0.06	0.00
2	8	8	20	4.49	3.74	0.68	0.07	0.00
2	14	14	32	9.76	8.52	1.15	0.08	0.00
2	8	8	20	5.60	4.78	0.75	0.07	0.00
1	21	21	32	9.88	8.63	1.16	0.10	0.00
1	12	12	20	4.67	3.94	0.67	0.06	0.00
3	20	20	96	14.32	10.85	3.34	0.13	0.00
2	14	14	32	9.26	8.20	0.98	0.09	0.00
2	14	14	32	9.07	7.98	1.00	0.09	0.00
2	14	14	32	8.51	7.49	0.94	0.08	0.00
2	14	14	32	8.74	7.71	0.95	0.09	0.00
2	14	14	32	9.02	7.96	0.97	0.09	0.00
2	14	14	32	8.54	7.50	0.95	0.08	0.00
2	14	14	32	9.30	8.20	1.01	0.09	0.00
1	2	2	12	4.58	4.03	0.51	0.04	0.00
2	14	14	32	9.94	8.79	1.06	0.09	0.00
2	14	14	32	8.52	7.49	0.95	0.09	0.00
2	14	14	32	8.60	7.56	0.96	0.09	0.00
2	14	14	32	8.36	7.34	0.94	0.08	0.00
2	14	14	32	8.42	7.37	0.96	0.08	0.00
2	14	14	32	8.72	7.73	0.92	0.08	0.00
2	14	14	32	8.87	7.85	0.94	0.08	0.00
2	14	14	32	8.73	7.71	0.94	0.08	0.00
2	14	14	32	8.52	7.48	0.96	0.08	0.00
2	14	14	32	9.04	7.99	0.96	0.09	0.00
1	12	12	20	4.87	4.19	0.62	0.06	0.00
2	8	8	20	4.77	3.99	0.71	0.07	0.00
1	2	2	12	3.62	3.15	0.44	0.03	0.00
1	18	18	28	8.44	7.38	0.96	0.10	0.00
2	14	14	32	8.27	7.24	0.95	0.08	0.00
2	8	8	20	4.03	3.36	0.61	0.06	0.00
2	8	8	20	4.23	3.56	0.61	0.06	0.00
3	14	14	72	21.95	19.48	2.38	0.09	0.00
1	15	15	48	59.70	58.13	1.50	0.07	0.00
1	21	21	32	7.90	6.88	0.94	0.09	0.00
1	12	12	20	4.11	3.43	0.62	0.06	0.00
2	8	8	20	11.85	11.17	0.62	0.06	0.00
3	27	27	189	27.38	20.49	6.71	0.17	0.00
1	4	4	18	4.76	4.20	0.53	0.03	0.00
1	4	4	18	4.80	4.21	0.56	0.04	0.00
1	12	12	20	4.70	4.03	0.60	0.06	0.00
1	12	12	20	4.13	3.46	0.60	0.06	0.00
1	2	2	12	2.59	2.21	0.35	0.03	0.00
2	8	8	20	4.25	3.59	0.59	0.06	0.00
2	8	8	20	4.28	3.62	0.61	0.06	0.00
2	14	14	32	14.00	12.98	0.93	0.08	0.00
2	8	8	20	3.88	3.23	0.60	0.06	0.00
3	16	16	78	24.92	22.09	2.72	0.11	0.00
3	16	16	79	24.67	21.82	2.73	0.12	0.00
1	12	12	20	4.49	3.81	0.62	0.07	0.00
1	12	12	20	4.13	3.47	0.60	0.06	0.00
2	8	8	47	55.72	54.03	1.61	0.08	0.00
1	12	12	20	4.28	3.63	0.60	0.06	0.00
2	8	8	20	3.99	3.30	0.63	0.06	0.00
1	12	12	20	4.44	3.77	0.60	0.06	0.00
2	8	8	20	4.11	3.45	0.60	0.06	0.00
2	8	8	20	4.62	3.85	0.70	0.07	0.00
2	8	8	20	3.85	3.20	0.60	0.06	0.00
2	8	8	20	3.97	3.30	0.61	0.06	0.00
2	8	8	20	3.91	3.22	0.62	0.06	0.00
2	8	8	20	4.42	3.68	0.67	0.07	0.00
3	40	40	265	8501.26	8347.68	150.72	2.86	0.00
2	8	8	20	4.25	3.56	0.63	0.06	0.00
1	12	12	20	4.02	3.33	0.63	0.06	0.00
2	8	8	20	4.46	3.80	0.61	0.06	0.00
2	8	8	20	3.93	3.25	0.62	0.06	0.00
2	8	8	20	3.85	3.16	0.63	0.06	0.00
2	8	8	20	3.92	3.24	0.62	0.06	0.00
1	12	12	20	4.31	3.63	0.62	0.06	0.00
2	8	8	20	3.86	3.20	0.61	0.06	0.00
2	8	8	20	3.76	3.09	0.61	0.06	0.00
2	8	8	20	3.84	3.15	0.63	0.06	0.00
2	8	8	20	3.87	3.21	0.61	0.06	0.00
2	8	8	20	3.74	3.08	0.60	0.06	0.00
2	8	8	20	3.78	3.12	0.60	0.06	0.00
2	8	8	20	3.86	3.17	0.63	0.06	0.00
2	8	8	20	3.95	3.26	0.63	0.06	0.00
2	8	8	20	4.37	3.58	0.71	0.07	0.00
2	8	8	20	3.87	3.20	0.60	0.06	0.00
2	8	8	20	4.26	3.59	0.60	0.06	0.00
1	12	12	20	4.21	3.54	0.61	0.06	0.00
2	8	8	20	3.87	3.20	0.62	0.06	0.00
1	3	3	16	4.37	3.85	0.48	0.03	0.00
2	8	8	20	4.29	3.63	0.60	0.06	0.00
5	16	16	125	28.30	23.09	5.02	0.19	0.00
1	12	12	20	4.20	3.54	0.60	0.06	0.00
3	15	15	54	10.44	8.65	1.71	0.09	0.00
4	17	17	51	15.33	13.09	2.11	0.14	0.00
2	14	14	32	9.04	8.00	0.96	0.08	0.00
2	8	8	20	4.55	3.87	0.62	0.06	0.00
2	8	8	20	4.64	3.97	0.60	0.06	0.00
4	11	11	36	8.72	7.21	1.41	0.10	0.00
2	8	8	20	4.20	3.52	0.62	0.06	0.00
1	9	9	32	6.86	5.83	0.98	0.05	0.00
2	8	8	20	4.27	3.58	0.62	0.06	0.00
2	8	8	20	4.32	3.64	0.63	0.06	0.00
3	54	54	144	62.33	56.16	5.85	0.32	0.00
3	24	24	63	38.10	35.71	2.23	0.16	0.00
2	45	45	153	63.26	57.20	5.85	0.21	0.00
2	8	8	20	4.99	4.30	0.63	0.06	0.00
1	21	21	32	8.85	7.80	0.97	0.09	0.00
1	21	21	32	7.82	6.76	0.96	0.09	0.00
1	21	21	32	10.62	9.58	0.95	0.09	0.00
1	21	21	32	10.52	9.48	0.96	0.09	0.00
1	21	21	32	12.01	10.95	0.97	0.09	0.00
1	21	21	32	10.75	9.69	0.97	0.09	0.00
1	21	21	32	10.35	9.30	0.96	0.09	0.00
1	21	21	32	12.49	11.43	0.97	0.09	0.00
1	12	12	20	4.06	3.40	0.60	0.06	0.00
1	12	12	20	4.75	4.05	0.63	0.06	0.00
4	1	1	228	73.71	64.17	9.54	0.00	0.00
2	8	8	20	4.73	3.99	0.65	0.09	0.00
2	8	8	20	4.32	3.62	0.62	0.08	0.00
3	6	6	41	12.60	11.17	1.37	0.06	0.00
2	8	8	20	4.76	4.09	0.61	0.06	0.00
2	14	14	32	8.98	7.88	1.01	0.10	0.00
1	18	18	28	7.19	6.24	0.86	0.09	0.00
2	8	8	20	4.24	3.56	0.61	0.07	0.00
1	21	21	32	8.86	7.75	1.00	0.11	0.00
2	8	8	20	4.94	4.27	0.60	0.07	0.00
2	8	8	20	5.08	4.34	0.66	0.07	0.00
2	45	45	122	59.57	54.81	4.55	0.21	0.00
2	8	8	20	4.32	3.64	0.61	0.06	0.00
2	8	8	20	4.37	3.70	0.61	0.06	0.00
2	8	8	20	4.52	3.85	0.60	0.07	0.00
1	15	15	48	58.59	57.01	1.50	0.08	0.00
1	2	2	12	3.43	3.04	0.37	0.03	0.00
2	8	8	20	4.50	3.82	0.62	0.06	0.00
2	8	8	20	4.07	3.40	0.61	0.06	0.00
1	12	12	20	3.85	3.18	0.61	0.07	0.00
6	29	29	400	109.97	86.74	22.89	0.34	0.00
1	18	18	56	10.20	8.42	1.70	0.08	0.00
1	21	21	32	7.92	6.93	0.90	0.09	0.00
1	2	2	12	2.90	2.55	0.32	0.03	0.00
2	8	8	20	4.11	3.49	0.56	0.06	0.00
2	8	8	20	4.17	3.56	0.55	0.06	0.00
2	8	8	20	4.60	3.95	0.59	0.06	0.00
2	8	8	20	4.36	3.67	0.62	0.07	0.00
2	8	8	20	4.15	3.49	0.60	0.06	0.00
2	8	8	20	4.07	3.41	0.60	0.06	0.00
1	10	10	36	8.29	7.12	1.11	0.06	0.00
1	12	12	20	4.60	3.94	0.60	0.07	0.00
1	12	12	20	4.31	3.66	0.58	0.06	0.00
1	36	36	104	37.37	33.71	3.51	0.16	0.00
1	45	45	128	58.54	54.02	4.37	0.16	0.00
3	48	48	136	53.79	48.46	5.08	0.24	0.00
2	8	8	20	3.95	3.27	0.62	0.06	0.00
2	8	8	20	3.90	3.22	0.62	0.06	0.00
2	18	18	53	9.34	7.56	1.69	0.09	0.00
1	10	10	36	9.34	8.24	1.05	0.05	0.00
1	12	12	20	4.74	3.98	0.70	0.07	0.00
2	8	8	20	4.56	3.87	0.63	0.06	0.00
2	8	8	20	4.32	3.66	0.60	0.06	0.00
1	12	12	20	4.11	3.45	0.60	0.06	0.00
1	21	21	32	8.25	7.15	1.00	0.10	0.00
3	14	14	76	12.66	10.05	2.52	0.10	0.00
2	8	8	20	4.61	3.94	0.62	0.06	0.00
1	0	0	9	8.76	8.48	0.28	0.00	0.00
1	2	2	12	11.22	10.82	0.37	0.03	0.00
2	8	8	20	15.03	14.33	0.63	0.07	0.00
2	4	4	59	7.62	5.27	2.29	0.06	0.00
1	6	6	28	7.48	6.49	0.94	0.06	0.00
2	14	14	32	8.23	7.16	0.98	0.09	0.00
3	13	13	45	10.56	8.82	1.64	0.10	0.00
4	17	17	60	15.86	13.46	2.26	0.14	0.00
2	8	8	20	4.33	3.64	0.63	0.07	0.00
2	8	8	20	4.26	3.56	0.63	0.07	0.00
2	8	8	20	4.94	4.20	0.67	0.07	0.00
1	9	9	32	7.61	6.58	0.97	0.06	0.00
1	9	9	32	8.45	7.41	0.98	0.05	0.00
2	8	8	20	4.15	3.47	0.62	0.06	0.00
2	14	14	32	8.39	7.33	0.97	0.09	0.00
1	9	9	32	7.03	6.01	0.96	0.06	0.00
2	8	8	20	4.32	3.63	0.62	0.07	0.00
1	21	21	32	8.10	7.04	0.96	0.10	0.00
8	12	12	40	17.46	16.03	1.30	0.13	0.00
2	8	8	20	4.43	3.74	0.62	0.07	0.00
1	12	12	20	5.43	4.74	0.63	0.06	0.00
2	8	8	20	4.28	3.60	0.61	0.07	0.00
2	8	8	20	3.96	3.26	0.63	0.06	0.00
2	14	14	32	8.61	7.54	0.98	0.09	0.00
1	12	12	20	6.13	5.44	0.62	0.07	0.00
2	14	14	32	9.49	8.42	0.98	0.10	0.00
1	10	10	36	7.90	6.80	1.04	0.06	0.00
2	8	8	20	4.72	4.04	0.62	0.06	0.00
1	21	21	32	8.04	6.97	0.97	0.10	0.00
4	14	14	88	16.07	13.03	2.92	0.12	0.00
2	14	14	32	7.65	6.59	0.96	0.09	0.00
2	8	8	20	4.64	3.95	0.63	0.06	0.00
2	14	14	32	8.17	7.10	0.97	0.09	0.00
2	14	14	32	8.43	7.36	0.98	0.09	0.00
1	12	12	20	4.56	3.87	0.63	0.07	0.00
2	8	8	20	4.67	3.99	0.62	0.06	0.00
1	2	2	12	3.22	2.82	0.37	0.03	0.00
2	8	8	20	5.81	5.12	0.63	0.06	0.00
1	6	6	48	12.85	11.05	1.75	0.05	0.00
2	8	8	20	4.37	3.69	0.62	0.06	0.00
1	2	2	6	3.11	2.89	0.19	0.03	0.00
1	18	18	56	68.67	66.85	1.75	0.08	0.00
3	14	14	78	12.02	9.42	2.51	0.09	0.00
3	14	14	57	12.87	10.89	1.88	0.09	0.00
2	14	14	32	8.56	7.49	0.98	0.09	0.00
3	16	16	77	24.96	22.08	2.76	0.12	0.00
2	8	8	20	3.91	3.23	0.62	0.06	0.00
2	8	8	20	3.91	3.24	0.61	0.06	0.00
2	8	8	20	3.85	3.18	0.61	0.06	0.00
2	8	8	20	3.93	3.26	0.61	0.06	0.00
1	12	12	20	4.26	3.57	0.63	0.06	0.00
2	8	8	20	5.17	4.49	0.62	0.06	0.00
2	8	8	20	4.19	3.52	0.61	0.06	0.00
1	9	9	16	4.31	3.79	0.48	0.05	0.00
1	6	6	24	6.68	5.89	0.74	0.04	0.00
1	2	2	12	3.33	2.94	0.37	0.03	0.00
2	8	8	20	4.30	3.61	0.63	0.06	0.00
2	8	8	20	5.15	4.46	0.63	0.06	0.00
2	23	23	58	13.94	11.64	2.19	0.12	0.00
1	3	3	16	5.05	4.53	0.49	0.03	0.00
1	4	4	9	2.42	2.14	0.25	0.03	0.00
1	2	2	6	2.11	1.90	0.19	0.02	0.00
1	12	12	20	4.28	3.63	0.59	0.06	0.00
2	8	8	20	4.60	3.92	0.62	0.06	0.00
1	2	2	12	2.83	2.44	0.37	0.03	0.00
1	12	12	20	4.36	3.67	0.63	0.06	0.00
2	8	8	20	4.38	3.66	0.65	0.07	0.00
2	8	8	20	4.18	3.48	0.63	0.06	0.00
2	8	8	20	4.07	3.38	0.64	0.06	0.00
2	2	2	12	3.57	3.17	0.37	0.03	0.00
1	12	12	20	4.37	3.70	0.61	0.06	0.00
1	12	12	20	4.46	3.77	0.62	0.06	0.00
2	14	14	32	8.49	7.41	0.99	0.09	0.00
1	42	42	120	45.65	41.40	4.10	0.15	0.00
1	15	15	48	9.84	8.28	1.50	0.07	0.00
2	8	8	44	61.18	59.57	1.53	0.07	0.00
1	0	0	60	18.33	16.17	2.16	0.00	0.00
2	14	14	32	8.82	7.64	1.09	0.09	0.00
2	19	19	32	8.45	7.39	0.97	0.10	0.00
2	8	8	20	4.23	3.56	0.61	0.06	0.00
4	13	13	74	19.42	16.44	2.84	0.14	0.00
2	8	8	20	4.53	3.88	0.59	0.06	0.00
2	8	8	20	4.90	4.23	0.61	0.06	0.00
2	14	14	32	10.04	9.00	0.96	0.09	0.00
3	8	8	79	18.29	15.78	2.43	0.08	0.00
1	12	12	40	34.50	33.22	1.23	0.05	0.00
2	21	21	54	10.57	8.64	1.83	0.10	0.00
2	8	8	20	3.87	3.21	0.60	0.06	0.00
1	21	21	32	8.04	6.97	0.97	0.10	0.00
2	14	14	32	8.12	7.06	0.97	0.08	0.00
1	9	9	37	7.84	6.58	1.21	0.05	0.00
2	14	14	32	8.54	7.49	0.96	0.09	0.00
1	12	12	20	3.98	3.32	0.60	0.06	0.00
1	120	120	252	17.52	5.10	11.96	0.45	0.00
1	2	2	12	3.13	2.74	0.36	0.03	0.00
2	14	14	32	8.58	7.53	0.96	0.09	0.00
2	8	8	20	5.04	4.38	0.60	0.06	0.00
2	8	8	20	4.46	3.80	0.60	0.06	0.00
3	40	40	190	51.75	44.94	6.61	0.19	0.00
3	33	33	66	30.04	27.57	2.29	0.18	0.00
1	21	21	32	8.91	7.84	0.98	0.09	0.00
1	10	10	36	8.07	6.90	1.11	0.06	0.00
2	18	18	84	6.22	3.13	2.99	0.10	0.00
1	4	4	18	5.82	5.23	0.56	0.04	0.00
1	21	21	32	8.44	7.42	0.94	0.09	0.00
2	8	8	20	4.22	3.61	0.55	0.05	0.00
2	8	8	20	5.36	4.73	0.57	0.06	0.00
1	21	21	32	9.45	8.43	0.93	0.09	0.00
2	8	8	20	5.45	4.75	0.64	0.06	0.00
1	2	2	12	3.03	2.61	0.40	0.03	0.00
1	12	12	20	4.32	3.66	0.60	0.06	0.00
2	8	8	20	5.37	4.62	0.69	0.06	0.00
2	8	8	20	5.07	4.39	0.63	0.06	0.00
3	8	8	40	5.83	4.38	1.37	0.08	0.00
4	25	25	72	30.41	27.96	2.30	0.15	0.00
2	8	8	20	3.88	3.19	0.63	0.06	0.00
1	45	45	64	52.58	50.34	2.08	0.16	0.00
1	12	12	20	4.18	3.48	0.64	0.06	0.00
1	12	12	20	4.24	3.54	0.64	0.06	0.00
2	8	8	20	4.19	3.49	0.64	0.06	0.00
2	8	8	20	4.99	4.30	0.63	0.06	0.00
1	4	4	18	4.64	3.99	0.62	0.04	0.00
1	12	12	20	4.22	3.56	0.60	0.06	0.00
2	14	14	32	8.47	7.40	1.00	0.08	0.00
2	8	8	20	4.38	3.71	0.62	0.06	0.00
2	14	14	32	8.65	7.61	0.95	0.08	0.00
2	8	8	20	4.31	3.67	0.58	0.06	0.00
1	2	2	12	3.09	2.71	0.36	0.03	0.00
1	21	21	32	9.99	8.95	0.96	0.08	0.00
2	8	8	20	5.24	4.61	0.58	0.06	0.00
2	8	8	20	3.77	3.11	0.61	0.06	0.00
1	45	45	128	58.63	54.06	4.41	0.16	0.00
1	18	18	56	75.01	73.17	1.77	0.07	0.00
1	9	9	32	13.87	12.84	0.98	0.05	0.00
1	9	9	32	12.83	11.83	0.96	0.05	0.00
1	15	15	48	58.66	57.10	1.49	0.06	0.00
1	12	12	40	45.83	44.52	1.24	0.06	0.00
1	12	12	40	33.10	31.81	1.23	0.06	0.00
1	18	18	56	72.28	70.46	1.75	0.07	0.00
1	15	15	48	59.52	57.94	1.51	0.06	0.00
1	21	21	64	91.31	89.24	1.99	0.08	0.00
1	15	15	48	55.19	53.61	1.52	0.07	0.00
1	9	9	32	12.84	11.83	0.96	0.05	0.00
1	36	36	104	182.60	178.95	3.51	0.14	0.00
1	18	18	56	70.66	68.82	1.76	0.07	0.00
1	12	12	40	32.59	31.29	1.25	0.06	0.00
1	18	18	56	72.57	70.77	1.73	0.07	0.00
1	15	15	48	57.73	56.14	1.51	0.07	0.00
1	15	15	48	55.39	53.78	1.55	0.07	0.00
1	15	15	48	57.27	55.69	1.52	0.07	0.00
1	18	18	56	74.18	72.37	1.75	0.07	0.00
1	15	15	48	62.09	60.52	1.51	0.07	0.00
1	15	15	48	39.08	37.50	1.51	0.06	0.00
1	15	15	48	54.92	53.33	1.52	0.07	0.00
1	9	9	32	12.83	11.79	0.98	0.05	0.00
1	21	21	64	88.20	86.13	2.00	0.08	0.00
1	15	15	48	57.27	55.70	1.50	0.06	0.00
1	12	12	40	31.85	30.57	1.22	0.06	0.00
1	15	15	48	58.01	56.44	1.50	0.07	0.00
1	9	9	32	12.86	11.85	0.96	0.05	0.00
1	15	15	48	56.72	55.13	1.52	0.07	0.00
1	9	9	32	12.87	11.84	0.98	0.05	0.00
1	15	15	48	58.63	57.04	1.53	0.07	0.00
1	15	15	48	58.83	57.25	1.51	0.07	0.00
1	18	18	56	71.43	69.61	1.74	0.07	0.00
1	33	33	96	159.67	156.25	3.28	0.14	0.00
1	9	9	32	13.09	12.06	0.99	0.05	0.00
1	12	12	40	32.97	31.65	1.26	0.06	0.00
1	15	15	48	58.15	56.57	1.52	0.06	0.00
1	12	12	40	31.58	30.29	1.23	0.06	0.00
1	12	12	40	34.13	32.82	1.24	0.06	0.00
1	15	15	48	56.92	55.34	1.51	0.06	0.00
1	12	12	40	33.71	32.39	1.25	0.06	0.00
1	15	15	48	58.88	57.35	1.47	0.06	0.00
1	12	12	40	35.07	33.76	1.24	0.06	0.00
1	15	15	48	55.85	54.28	1.51	0.06	0.00
1	18	18	56	76.56	74.74	1.75	0.07	0.00
1	27	27	80	127.14	124.42	2.61	0.11	0.00
1	21	21	64	91.70	89.64	1.99	0.08	0.00
1	18	18	56	76.41	74.60	1.74	0.07	0.00
1	36	36	104	179.87	176.19	3.54	0.15	0.00
2	46	46	154	47.59	41.95	5.45	0.19	0.00
1	18	18	56	71.59	69.79	1.73	0.07	0.00
1	18	18	56	78.28	76.48	1.74	0.07	0.00
1	15	15	48	59.14	57.57	1.51	0.06	0.00
1	12	12	40	36.63	35.32	1.25	0.06	0.00
1	12	12	40	32.23	30.89	1.28	0.06	0.00
1	21	21	64	81.74	79.67	2.00	0.08	0.00
1	15	15	48	58.29	56.74	1.49	0.07	0.00
1	2	2	12	3.43	3.05	0.36	0.03	0.00
1	10	10	36	8.34	7.18	1.10	0.06	0.00
1	12	12	40	36.35	35.04	1.24	0.06	0.00
2	8	8	20	5.40	4.69	0.65	0.06	0.00
1	15	15	48	58.38	56.79	1.52	0.07	0.00
1	18	18	56	71.67	69.86	1.74	0.07	0.00
1	18	18	56	79.06	77.26	1.73	0.07	0.00
1	15	15	48	39.50	37.95	1.49	0.07	0.00
1	21	21	64	88.00	85.94	1.98	0.08	0.00
1	15	15	48	57.00	55.42	1.52	0.07	0.00
1	15	15	48	60.72	59.15	1.50	0.07	0.00
1	9	9	32	14.39	13.39	0.95	0.05	0.00
1	15	15	48	58.07	56.52	1.49	0.06	0.00
1	15	15	48	58.73	57.18	1.48	0.07	0.00
1	18	18	56	75.77	73.95	1.75	0.07	0.00
1	0	0	32	8.54	7.58	0.96	0.00	0.00
1	12	12	40	34.41	33.11	1.23	0.07	0.00
1	18	18	56	72.71	70.95	1.69	0.07	0.00
1	0	0	24	6.65	5.99	0.66	0.00	0.00
1	15	15	48	58.11	56.60	1.45	0.06	0.00
1	24	24	72	108.26	105.90	2.27	0.10	0.00
1	9	9	32	13.13	12.19	0.89	0.04	0.00
1	15	15	48	58.94	57.43	1.45	0.06	0.00
2	8	8	20	4.69	4.05	0.58	0.06	0.00
1	15	15	48	59.95	58.42	1.47	0.06	0.00
1	18	18	56	77.72	75.97	1.68	0.07	0.00
1	2	2	12	3.07	2.73	0.32	0.02	0.00
1	21	21	32	8.73	7.74	0.91	0.08	0.00
1	2	2	12	2.72	2.38	0.32	0.02	0.00
1	12	12	40	32.29	31.07	1.17	0.06	0.00
3	14	14	72	13.63	11.30	2.24	0.09	0.00
1	36	36	104	36.54	32.99	3.42	0.13	0.00
1	2	2	6	2.66	2.41	0.22	0.03	0.00
2	8	8	20	4.25	3.59	0.61	0.06	0.00
2	8	8	20	4.20	3.52	0.62	0.06	0.00
2	8	8	20	4.32	3.67	0.59	0.06	0.00
2	8	8	20	3.83	3.15	0.62	0.06	0.00
1	4	4	9	2.52	2.21	0.27	0.03	0.00
2	8	8	20	3.83	3.17	0.60	0.06	0.00
1	4	4	9	2.45	2.16	0.26	0.03	0.00
1	4	4	9	2.52	2.23	0.26	0.03	0.00
1	4	4	9	2.56	2.26	0.27	0.03	0.00
2	8	8	20	4.55	3.91	0.58	0.06	0.00
2	8	8	20	4.39	3.72	0.61	0.06	0.00
2	8	8	20	4.03	3.39	0.58	0.06	0.00
2	8	8	20	4.08	3.45	0.57	0.06	0.00
2	8	8	20	3.96	3.31	0.59	0.06	0.00
1	10	10	36	8.50	7.33	1.11	0.06	0.00
1	3	3	16	5.56	5.06	0.47	0.03	0.00
2	8	8	20	4.24	3.56	0.61	0.06	0.00
1	12	12	20	4.20	3.53	0.61	0.06	0.00
2	14	14	32	8.54	7.52	0.94	0.08	0.00
1	2	2	12	3.14	2.76	0.35	0.03	0.00
2	14	14	32	8.21	7.16	0.96	0.09	0.00
1	21	21	32	8.30	7.26	0.95	0.09	0.00
2	24	24	67	18.09	15.11	2.83	0.15	0.00
2	8	8	20	4.24	3.56	0.62	0.06	0.00
2	8	8	20	4.19	3.54	0.59	0.06	0.00
1	12	12	20	4.58	3.94	0.58	0.06	0.00
1	2	2	12	3.15	2.76	0.36	0.03	0.00
1	15	15	28	9.68	8.55	1.04	0.10	0.00
1	2	2	12	3.10	2.72	0.35	0.03	0.00
1	2	2	12	3.01	2.64	0.35	0.03	0.00
1	12	12	20	4.02	3.36	0.60	0.06	0.00
2	14	14	32	8.16	7.13	0.96	0.08	0.00
1	2	2	12	3.55	3.16	0.36	0.03	0.00
2	14	14	32	7.88	6.81	0.98	0.09	0.00
1	9	9	32	6.25	5.23	0.96	0.05	0.00
2	8	8	20	5.75	5.08	0.61	0.06	0.00
