Policy	WO	AR	W
0	5.76	3.60	1.02
1	5.88	3.79	1.05
2	5.88	4.00	1.12
3	5.94	4.10	1.13
4	5.95	4.20	1.14
5	6.03	4.37	1.17
6	6.04	4.53	1.24
7	6.04	4.56	1.24
8	6.04	4.57	1.27
9	6.26	4.68	1.27
10	6.28	4.79	1.28
11	6.29	4.80	1.28
12	6.30	4.82	1.28
13	6.41	4.86	1.30
14	6.41	4.89	1.31
15	6.59	4.90	1.34
16	6.75	4.93	1.34
17	6.84	5.02	1.34
18	6.87	5.05	1.36
19	6.87	5.08	1.36
20	6.89	5.09	1.36
21	6.98	5.10	1.39
22	7.01	5.12	1.40
23	7.01	5.13	1.40
24	7.03	5.18	1.40
25	7.05	5.20	1.41
26	7.09	5.23	1.41
27	7.22	5.30	1.41
28	7.29	5.36	1.42
29	7.34	5.36	1.43
30	7.38	5.36	1.44
31	7.46	5.39	1.45
32	7.47	5.42	1.45
33	7.79	5.43	1.45
34	7.87	5.47	1.46
35	8.53	5.49	1.47
36	8.57	5.49	1.47
37	8.62	5.51	1.48
38	8.62	5.51	1.48
39	8.64	5.54	1.48
40	8.64	5.54	1.49
41	8.67	5.55	1.49
42	8.68	5.65	1.49
43	8.69	5.67	1.49
44	8.71	5.69	1.50
45	8.79	5.71	1.50
46	8.79	5.72	1.51
47	8.80	5.80	1.52
48	8.81	5.83	1.52
49	8.81	5.84	1.52
50	8.82	5.86	1.53
51	8.83	5.87	1.54
52	8.83	5.87	1.54
53	8.83	5.88	1.54
54	8.84	5.90	1.54
55	8.84	5.92	1.54
56	8.84	5.92	1.56
57	8.87	5.93	1.56
58	8.89	5.96	1.57
59	8.89	5.97	1.58
60	8.93	5.98	1.59
61	8.93	6.00	1.59
62	8.95	6.00	1.59
63	8.95	6.01	1.60
64	8.96	6.01	1.60
65	8.97	6.02	1.61
66	8.98	6.06	1.61
67	8.98	6.06	1.61
68	9.03	6.06	1.61
69	9.04	6.07	1.62
70	9.04	6.08	1.62
71	9.05	6.09	1.62
72	9.05	6.10	1.63
73	9.06	6.10	1.63
74	9.07	6.10	1.63
75	9.07	6.17	1.63
76	9.08	6.20	1.63
77	9.08	6.22	1.63
78	9.09	6.23	1.63
79	9.09	6.24	1.64
80	9.09	6.24	1.64
81	9.10	6.25	1.64
82	9.11	6.26	1.64
83	9.12	6.27	1.64
84	9.17	6.28	1.64
85	9.18	6.29	1.64
86	9.19	6.29	1.64
87	9.21	6.30	1.65
88	9.22	6.31	1.65
89	9.24	6.31	1.66
90	9.24	6.32	1.67
91	9.25	6.37	1.68
92	9.25	6.39	1.68
93	9.25	6.40	1.68
94	9.27	6.43	1.68
95	9.28	6.44	1.69
96	9.28	6.46	1.69
97	9.31	6.46	1.69
98	9.31	6.47	1.69
99	9.32	6.48	1.69
100	9.32	6.52	1.70
101	9.34	6.53	1.70
102	9.37	6.54	1.70
103	9.39	6.54	1.70
104	9.39	6.56	1.70
105	9.40	6.56	1.70
106	9.41	6.56	1.71
107	9.43	6.57	1.71
108	9.43	6.57	1.71
109	9.44	6.60	1.72
110	9.44	6.61	1.72
111	9.45	6.61	1.72
112	9.46	6.62	1.72
113	9.46	6.62	1.73
114	9.46	6.63	1.73
115	9.47	6.63	1.74
116	9.49	6.63	1.74
117	9.52	6.64	1.74
118	9.52	6.64	1.74
119	9.52	6.64	1.74
120	9.54	6.67	1.74
121	9.55	6.67	1.75
122	9.57	6.68	1.75
123	9.57	6.68	1.75
124	9.60	6.69	1.75
125	9.60	6.70	1.75
126	9.63	6.70	1.75
127	9.65	6.70	1.76
128	9.66	6.70	1.76
129	9.66	6.71	1.77
130	9.66	6.72	1.77
131	9.67	6.72	1.77
132	9.69	6.74	1.77
133	9.73	6.74	1.77
134	9.74	6.76	1.78
135	9.77	6.77	1.78
136	9.80	6.77	1.78
137	9.82	6.77	1.79
138	9.83	6.79	1.79
139	9.83	6.79	1.79
140	9.83	6.79	1.79
141	9.84	6.80	1.79
142	9.84	6.80	1.79
143	9.88	6.81	1.79
144	9.93	6.81	1.80
145	9.96	6.82	1.80
146	9.97	6.83	1.80
147	9.98	6.84	1.80
148	10.05	6.85	1.81
149	10.07	6.87	1.81
150	10.14	6.88	1.81
151	10.17	6.89	1.81
152	10.18	6.89	1.82
153	10.19	6.90	1.82
154	10.20	6.92	1.82
155	10.21	6.93	1.82
156	10.22	6.94	1.82
157	10.22	6.97	1.82
158	10.23	6.98	1.83
159	10.35	6.98	1.83
160	10.36	6.98	1.83
161	10.43	7.00	1.83
162	10.50	7.01	1.83
163	10.52	7.03	1.83
164	10.60	7.04	1.83
165	10.64	7.07	1.83
166	10.80	7.10	1.83
167	10.92	7.12	1.84
168	10.92	7.15	1.84
169	11.04	7.16	1.84
170	11.11	7.16	1.84
171	11.15	7.19	1.84
172	11.65	7.19	1.85
173	11.66	7.19	1.85
174	11.66	7.20	1.85
175	11.79	7.24	1.85
176	11.94	7.25	1.87
177	12.21	7.25	1.87
178	12.76	7.28	1.87
179	12.77	7.30	1.88
180	12.99	7.30	1.88
181	13.08	7.31	1.89
182	13.22	7.31	1.89
183	13.29	7.35	1.89
184	13.55	7.35	1.89
185	13.80	7.42	1.90
186	13.86	7.45	1.91
187	13.99	7.45	1.91
188	14.24	7.45	1.91
189	14.37	7.46	1.91
190	14.54	7.49	1.91
191	14.57	7.51	1.91
192	14.58	7.53	1.92
193	14.70	7.58	1.92
194	14.81	7.63	1.92
195	14.86	7.67	1.92
196	15.05	7.68	1.92
197	15.11	7.69	1.92
198	15.20	7.76	1.92
199	15.28	7.79	1.93
200	15.29	7.81	1.94
201	15.30	7.81	1.94
202	15.34	7.81	1.94
203	15.47	7.91	1.94
204	15.47	7.94	1.94
205	15.52	7.94	1.95
206	15.58	7.96	1.95
207	15.68	7.99	1.95
208	15.69	8.06	1.95
209	15.73	8.10	1.96
210	15.74	8.14	1.96
211	15.75	8.15	1.96
212	15.79	8.17	1.96
213	15.86	8.23	1.97
214	15.88	8.31	1.97
215	15.93	8.35	1.97
216	15.98	8.47	1.97
217	16.00	8.47	1.97
218	16.01	8.64	1.97
219	16.10	8.67	1.97
220	16.22	8.72	1.98
221	16.39	8.80	1.98
222	16.41	8.84	1.98
223	16.47	8.89	1.99
224	16.54	8.91	1.99
225	16.59	9.01	1.99
226	16.68	9.02	1.99
227	16.71	9.08	1.99
228	16.83	9.16	1.99
229	16.88	9.21	2.00
230	16.96	9.22	2.01
231	17.08	9.37	2.02
232	17.11	9.46	2.02
233	17.13	9.57	2.02
234	17.23	9.75	2.03
235	17.28	9.80	2.03
236	17.41	9.96	2.03
237	17.43	10.00	2.03
238	17.44	10.05	2.03
239	17.45	10.10	2.03
240	17.46	10.12	2.04
241	17.55	10.19	2.04
242	17.68	10.19	2.04
243	17.68	10.21	2.04
244	17.69	10.26	2.04
245	17.72	10.28	2.04
246	17.76	10.35	2.04
247	17.79	10.40	2.05
248	17.82	10.41	2.05
249	17.88	10.48	2.05
250	17.90	10.49	2.06
251	17.93	10.53	2.07
252	17.95	10.67	2.07
253	17.96	10.70	2.07
254	17.99	10.74	2.07
255	18.03	10.75	2.07
256	18.04	10.76	2.07
257	18.08	10.79	2.07
258	18.15	10.86	2.07
259	18.15	10.95	2.08
260	18.15	10.97	2.08
261	18.16	11.01	2.09
262	18.16	11.09	2.09
263	18.16	11.10	2.10
264	18.18	11.12	2.10
265	18.19	11.14	2.10
266	18.21	11.14	2.11
267	18.22	11.19	2.11
268	18.27	11.22	2.12
269	18.29	11.22	2.12
270	18.31	11.25	2.12
271	18.35	11.29	2.12
272	18.36	11.31	2.12
273	18.36	11.32	2.13
274	18.41	11.33	2.13
275	18.42	11.36	2.14
276	18.44	11.46	2.14
277	18.46	11.47	2.14
278	18.46	11.47	2.15
279	18.47	11.47	2.15
280	18.49	11.50	2.15
281	18.49	11.52	2.16
282	18.51	11.53	2.16
283	18.52	11.57	2.17
284	18.54	11.62	2.17
285	18.60	11.63	2.17
286	18.61	11.64	2.17
287	18.65	11.64	2.17
288	18.67	11.65	2.19
289	18.68	11.65	2.19
290	18.69	11.66	2.20
291	18.77	11.67	2.20
292	18.78	11.83	2.20
293	18.83	11.84	2.21
294	18.86	11.86	2.21
295	18.91	11.96	2.21
296	19.00	11.97	2.21
297	19.01	11.97	2.22
298	19.09	11.98	2.22
299	19.12	11.98	2.23
300	19.12	12.00	2.23
301	19.17	12.02	2.23
302	19.23	12.04	2.24
303	19.27	12.05	2.24
304	19.32	12.06	2.24
305	19.34	12.09	2.24
306	19.34	12.18	2.24
307	19.35	12.24	2.25
308	19.35	12.26	2.25
309	19.36	12.27	2.25
310	19.38	12.32	2.25
311	19.46	12.32	2.26
312	19.66	12.33	2.26
313	19.70	12.34	2.27
314	19.71	12.34	2.28
315	19.73	12.34	2.28
316	19.80	12.37	2.28
317	19.91	12.40	2.28
318	19.94	12.40	2.29
319	19.98	12.43	2.29
320	20.01	12.47	2.29
321	20.02	12.49	2.31
322	20.08	12.57	2.31
323	20.32	12.65	2.32
324	20.45	12.68	2.33
325	20.56	12.74	2.33
326	20.57	12.79	2.33
327	20.67	12.86	2.35
328	20.85	12.87	2.35
329	20.89	13.08	2.35
330	20.93	13.09	2.35
331	20.97	13.14	2.37
332	21.24	13.28	2.38
333	21.52	13.28	2.38
334	21.66	13.52	2.39
335	21.83	13.53	2.39
336	21.92	13.62	2.39
337	22.03	13.67	2.40
338	22.09	13.76	2.40
339	22.28	13.80	2.41
340	22.47	13.93	2.41
341	22.51	13.99	2.42
342	22.69	14.01	2.43
343	22.99	14.13	2.43
344	23.10	14.30	2.43
345	23.13	14.33	2.43
346	23.41	14.35	2.44
347	23.48	14.37	2.44
348	23.49	14.48	2.44
349	23.71	14.74	2.46
350	23.77	14.82	2.46
351	23.84	14.84	2.47
352	24.23	14.88	2.47
353	25.00	14.92	2.48
354	25.34	14.95	2.48
355	25.48	15.50	2.48
356	27.37	15.71	2.50
357	28.32	15.71	2.50
358	28.40	15.72	2.52
359	28.80	15.78	2.52
360	29.51	15.81	2.52
361	29.63	16.40	2.53
362	30.48	16.73	2.54
363	31.64	16.74	2.54
364	32.33	16.83	2.54
365	32.54	16.94	2.54
366	32.94	17.14	2.54
367	33.00	17.14	2.55
368	34.51	17.17	2.56
369	36.15	17.42	2.58
370	38.54	17.89	2.59
371	39.22	18.03	2.61
372	40.42	18.61	2.61
373	44.08	18.88	2.62
374	44.75	18.95	2.63
375	45.62	19.51	2.65
376	46.29	19.57	2.65
377	46.83	19.76	2.65
378	46.98	21.33	2.66
379	47.35	21.42	2.66
380	48.10	21.91	2.66
381	48.17	22.54	2.67
382	48.36	22.64	2.69
383	48.39	22.89	2.71
384	48.44	22.97	2.72
385	48.57	23.25	2.72
386	49.40	23.25	2.73
387	49.49	23.57	2.73
388	50.01	24.66	2.74
389	50.32	25.94	2.74
390	51.37	26.07	2.74
391	53.00	26.17	2.76
392	55.49	26.25	2.76
393	58.27	26.81	2.76
394	59.43	26.85	2.78
395	60.71	27.56	2.80
396	61.72	27.56	2.80
397	62.18	27.62	2.80
398	63.23	28.07	2.81
399	70.59	28.53	2.82
400	70.64	28.72	2.82
401	70.64	30.21	2.83
402	71.17	30.26	2.84
403	71.18	31.29	2.84
404	71.23	31.94	2.87
405	71.25	32.41	2.91
406	71.34	34.21	2.93
407	72.27	35.47	2.95
408	72.66	36.59	3.01
409	72.82	37.10	3.02
410	72.92	40.38	3.04
411	73.22	40.53	3.05
412	73.58	41.09	3.06
413	73.71	43.49	3.09
414	74.58	44.49	3.10
415	74.82	44.70	3.16
416	75.07	45.21	3.16
417	75.14	47.12	3.22
418	75.51	47.28	3.23
419	75.73	47.97	3.26
420	76.44	48.29	3.28
421	77.56	49.72	3.28
422	77.59	50.77	3.34
423	78.99	51.41	3.35
424	79.34	52.25	3.35
425	85.10	53.75	3.35
426	85.31	54.05	3.36
427	85.46	54.56	3.38
428	85.60	54.61	3.39
429	86.25	54.73	3.42
430	86.33	55.33	3.42
431	86.56	55.66	3.43
432	87.57	56.23	3.45
433	87.77	56.40	3.46
434	88.25	57.25	3.49
435	88.35	57.42	3.50
436	88.97	58.02	3.51
437	89.24	58.97	3.55
438	89.42	59.34	3.57
439	90.36	59.44	3.59
440	91.02	60.20	3.62
441	91.24	61.11	3.64
442	91.27	62.82	3.65
443	93.31	63.53	3.65
444	93.82	64.35	3.66
445	94.04	65.09	3.67
446	94.32	65.85	3.70
447	94.58	67.16	3.72
448	95.08	68.05	3.72
449	95.86	69.92	3.73
450	96.68	70.68	3.74
451	96.75	70.88	3.78
452	97.54	74.58	3.79
453	97.87	74.59	3.82
454	98.28	75.66	3.83
455	98.53	75.77	3.87
456	100.09	77.34	3.89
457	105.39	77.66	4.00
458	111.00	77.89	4.00
459	113.66	78.73	4.05
460	121.05	80.01	4.06
461	123.75	80.51	4.08
462	124.49	80.62	4.12
463	125.71	81.00	4.14
464	126.84	81.48	4.20
465	130.06	81.49	4.21
466	131.17	82.00	4.25
467	131.59	82.10	4.25
468	131.67	82.33	4.27
469	133.26	82.50	4.29
470	134.47	82.89	4.29
471	135.00	83.30	4.32
472	135.06	84.32	4.40
473	135.98	84.43	4.42
474	136.63	85.08	4.43
475	137.27	85.30	4.51
476	138.52	85.45	4.53
477	138.83	85.97	4.54
478	139.71	86.03	4.58
479	143.15	87.78	4.61
480	144.00	87.86	4.61
481	151.87	88.38	4.79
482	154.24	89.31	4.87
483	158.50	89.37	4.92
484	159.70	89.92	4.93
485	161.43	90.42	5.21
486	162.35	90.58	5.23
487	162.69	90.90	5.55
488	163.59	92.86	5.55
489	167.48	93.15	5.79
490	168.61	94.32	5.81
491	171.44	97.62	5.87
492	181.99	97.67	6.15
493	182.05	97.85	6.38
494	187.93	99.16	6.54
495	193.38	99.39	6.88
496	208.24	102.74	7.07
497	217.40	103.54	8.00
498	231.46	103.81	8.07
499	248.53	106.86	8.64
500	264.08	107.88	11.03
501	279.69	113.93	12.46
502	305.07	114.22	13.47
503	8448.87	118.59	15.94
504	9960.18	132.57	21.42
505	45240.66	9347.28	41.80
