NumberStatement	NumberMCI	NumberRRI	MCISolvingRoundAverage	TotalTimeAverage	MCILabelsTimeAverage	MCIOperationsTimeAverage	RRIOperationsTimeAverage	RRIILPSolvingTimeAverage
1	1	1	32	15.01	14.37	0.45	0.20	0.00
2	4	2	108	25.48	22.27	2.75	0.45	0.00
3	9	3	250	42.78	33.70	8.50	0.59	0.00
4	16	4	482	58.97	40.41	17.94	0.62	0.00
5	25	5	825	73.28	47.32	25.35	0.61	0.00
6	36	6	1296	97.77	59.22	37.80	0.76	0.00
7	49	7	1918	116.74	65.75	49.99	1.00	0.00
8	64	8	2712	188.83	84.38	102.89	1.55	0.00
9	81	9	3701	240.39	111.56	126.73	2.10	0.00
10	100	10	4903	314.18	106.86	204.60	2.72	0.00
11	121	11	6322	391.38	149.87	238.04	3.47	0.00
12	144	12	8020	569.09	167.16	397.36	4.57	0.00
13	169	13	9987	670.95	221.59	443.91	5.44	0.00
14	196	14	12254	997.22	253.56	736.90	6.76	0.00
15	225	15	14837	1061.77	298.49	755.65	7.63	0.00
