NumberStatement	NumberMCI	NumberRRI	MCISolvingRoundAverage	TotalTimeAverage	MCILabelsTimeAverage	MCIOperationsTimeAverage	RRIOperationsTimeAverage	RRIILPSolvingTimeAverage
1	1	1	16	14.24	13.18	0.88	0.17	0.00
2	4	2	36	35.21	31.03	3.80	0.38	0.00
3	9	3	64	53.14	44.46	8.20	0.49	0.00
4	16	4	100	83.96	70.17	13.24	0.55	0.00
5	25	5	144	128.02	108.14	19.31	0.56	0.00
6	36	6	196	189.26	162.10	26.57	0.60	0.00
7	49	7	256	224.25	191.39	32.24	0.62	0.00
8	64	8	324	315.42	272.53	42.01	0.88	0.00
9	81	9	400	360.43	307.00	52.32	1.12	0.00
10	100	10	484	487.56	419.54	66.61	1.41	0.00
11	121	11	576	690.75	598.85	90.01	1.89	0.00
12	144	12	676	1093.57	972.61	118.48	2.48	0.00
13	169	13	784	1533.68	1378.89	151.75	3.04	0.00
14	196	14	900	1748.54	1548.90	195.94	3.70	0.00
15	225	15	1024	2180.84	1918.74	257.53	4.57	0.00
