NumberStatement	NumberMCI	NumberRRI	MCISolvingRoundAverage	TotalTimeAverage	MCILabelsTimeAverage	MCIOperationsTimeAverage	RRIOperationsTimeAverage	RRIILPSolvingTimeAverage
1	1	1	32	22.58	16.66	2.96	0.15	2.81
2	4	2	108	52.39	34.80	14.76	0.25	2.59
3	9	3	250	80.90	50.29	28.21	0.34	2.07
4	16	4	482	138.44	85.10	50.69	0.60	2.04
5	25	5	825	204.80	125.78	75.68	1.19	2.15
6	36	6	1296	327.28	187.46	134.75	2.46	2.60
7	49	7	1918	446.85	216.59	222.94	4.14	3.18
8	64	8	2712	741.58	337.39	390.96	8.97	4.26
9	81	9	3701	1033.44	397.19	616.21	14.29	5.75
10	100	10	4903	1525.59	546.06	938.54	33.20	7.79
11	121	11	6322	2295.40	778.44	1471.98	33.95	11.03
12	144	12	8020	3414.88	1138.34	2183.66	77.25	15.64
13	169	13	9987	4829.31	1650.24	3060.01	98.00	21.06
14	196	14	12254	6386.40	1845.22	4399.88	112.38	28.91
15	225	15	14837	8420.36	2275.33	5972.81	133.52	38.70
