NumberStatement	NumberMCI	NumberRRI	MCISolvingRoundAverage	TotalTimeAverage	MCILabelsTimeAverage	MCIOperationsTimeAverage	RRIOperationsTimeAverage	RRIILPSolvingTimeAverage
2	8	8	20	24.15	18.42	3.22	0.81	1.70
1	2	2	12	12.49	9.76	0.98	0.20	1.55
1	12	12	20	15.08	11.57	1.34	0.45	1.72
2	8	8	20	13.47	10.34	1.22	0.27	1.65
1	10	10	36	20.98	16.64	2.22	0.30	1.82
2	14	14	32	20.95	17.04	1.81	0.37	1.74
1	2	2	12	12.34	9.88	0.76	0.12	1.57
2	8	8	20	9.30	6.63	1.04	0.19	1.44
3	16	16	76	32.49	26.91	3.36	0.57	1.65
1	4	4	9	7.91	6.03	0.39	0.12	1.36
2	8	8	20	6.98	4.59	0.78	0.18	1.43
1	21	21	32	13.08	9.74	1.21	0.35	1.78
1	12	12	20	8.99	6.45	0.82	0.24	1.48
1	48	48	136	62.54	53.83	5.67	0.89	2.15
1	240	240	408	121.63	75.69	19.37	16.59	9.98
1	45	45	128	68.10	60.37	4.83	0.93	1.97
1	45	45	128	70.57	62.76	4.86	0.92	2.03
2	8	8	20	6.95	4.67	0.70	0.14	1.43
2	8	8	20	6.10	3.98	0.66	0.12	1.34
2	8	8	20	6.42	4.36	0.64	0.12	1.30
2	8	8	20	6.05	3.91	0.66	0.13	1.34
1	4	4	18	8.65	6.71	0.58	0.07	1.29
2	8	8	20	6.04	3.91	0.66	0.13	1.35
1	12	12	20	6.54	4.31	0.66	0.18	1.39
1	12	12	20	6.52	4.33	0.64	0.18	1.36
3	14	14	67	15.09	10.99	2.49	0.22	1.40
1	2	2	12	5.84	3.75	0.48	0.06	1.55
2	5	5	24	8.43	6.04	0.94	0.10	1.35
2	8	8	20	8.17	6.01	0.73	0.13	1.29
1	12	12	20	5.96	3.87	0.62	0.16	1.30
2	10	10	36	10.21	7.64	1.20	0.13	1.24
2	8	8	20	5.88	3.87	0.62	0.11	1.28
2	8	8	20	6.23	4.24	0.60	0.11	1.27
2	8	8	20	6.35	4.21	0.65	0.12	1.37
1	21	21	32	10.70	8.04	1.03	0.28	1.36
1	12	12	20	6.65	4.46	0.64	0.16	1.40
1	12	12	20	7.03	4.66	0.64	0.17	1.55
3	14	14	59	12.25	8.52	2.12	0.20	1.41
2	14	14	32	10.61	8.00	1.05	0.19	1.36
1	12	12	20	6.68	4.41	0.64	0.17	1.48
1	12	12	20	6.65	4.37	0.64	0.17	1.46
2	9	9	32	13.35	10.86	1.11	0.14	1.25
2	9	9	32	13.68	11.13	1.16	0.14	1.24
1	12	12	20	6.31	4.21	0.62	0.17	1.31
2	9	9	32	12.89	10.45	1.04	0.14	1.27
2	9	9	32	13.50	11.05	1.04	0.13	1.28
2	9	9	32	15.41	12.84	1.19	0.13	1.25
2	9	9	32	13.20	10.72	1.12	0.13	1.24
2	9	9	32	12.02	9.63	1.03	0.13	1.23
2	9	9	32	13.18	10.73	1.03	0.14	1.28
2	9	9	32	12.53	10.02	1.05	0.12	1.34
2	9	9	32	11.62	9.18	1.03	0.13	1.28
2	9	9	32	12.33	9.94	1.02	0.13	1.24
2	9	9	32	12.76	10.24	1.05	0.14	1.33
2	9	9	32	11.16	8.74	1.02	0.13	1.27
2	9	9	32	12.49	10.10	1.03	0.13	1.23
1	12	12	20	5.71	3.62	0.62	0.16	1.32
1	12	12	20	6.15	4.06	0.62	0.15	1.31
1	12	12	20	6.27	4.19	0.61	0.16	1.32
1	12	12	20	5.74	3.65	0.62	0.16	1.31
2	8	8	20	5.87	3.89	0.61	0.11	1.26
3	14	14	66	14.82	10.99	2.36	0.20	1.27
2	8	8	20	5.71	3.70	0.61	0.10	1.29
1	2	2	12	4.25	2.56	0.37	0.04	1.28
2	14	14	32	10.33	7.87	1.00	0.19	1.27
2	14	14	32	10.24	7.80	0.99	0.20	1.26
2	14	14	32	10.66	8.14	1.00	0.20	1.32
1	2	2	12	4.97	3.31	0.36	0.04	1.26
1	2	2	12	4.77	3.12	0.36	0.04	1.26
1	2	2	12	4.96	3.28	0.37	0.04	1.28
2	14	14	32	11.14	8.64	1.02	0.19	1.29
2	14	14	32	11.44	8.89	1.04	0.19	1.32
2	14	14	32	11.13	8.66	1.00	0.20	1.28
2	14	14	32	11.02	8.50	1.03	0.19	1.29
2	14	14	32	11.08	8.61	1.03	0.18	1.26
2	14	14	32	10.91	8.45	1.00	0.20	1.26
2	14	14	32	10.63	8.19	0.99	0.19	1.25
2	14	14	32	10.68	8.26	0.97	0.19	1.26
2	15	15	48	15.50	12.47	1.55	0.18	1.30
1	2	2	18	6.76	4.85	0.56	0.05	1.30
2	8	8	20	6.93	4.87	0.63	0.12	1.31
2	14	14	32	11.65	9.02	1.05	0.19	1.39
2	8	8	20	7.13	4.97	0.63	0.12	1.41
2	14	14	32	11.40	8.83	1.03	0.19	1.34
1	2	2	12	4.80	3.13	0.36	0.04	1.26
2	14	14	32	11.04	8.53	1.02	0.21	1.28
2	14	14	32	11.35	8.82	1.01	0.18	1.34
3	14	14	69	17.21	13.07	2.50	0.18	1.46
2	14	14	32	11.15	8.67	1.01	0.18	1.29
2	14	14	32	11.83	9.29	1.02	0.18	1.34
1	2	2	12	4.89	3.17	0.37	0.04	1.32
1	12	12	20	5.79	3.71	0.61	0.16	1.31
2	8	8	20	5.52	3.54	0.61	0.11	1.27
2	14	14	32	9.99	7.50	1.00	0.20	1.29
2	8	8	20	5.95	3.95	0.62	0.10	1.27
1	21	21	32	10.07	7.45	1.00	0.28	1.34
1	12	12	20	6.11	4.00	0.61	0.16	1.34
3	20	20	96	16.63	11.60	3.41	0.31	1.32
2	14	14	32	11.41	8.96	1.01	0.18	1.26
2	14	14	32	10.94	8.48	0.98	0.19	1.29
2	14	14	32	10.65	8.21	1.00	0.19	1.25
2	14	14	32	10.81	8.41	0.97	0.19	1.25
2	14	14	32	10.94	8.51	0.98	0.20	1.25
2	14	14	32	10.40	8.00	0.97	0.19	1.25
2	14	14	32	10.47	8.06	0.95	0.20	1.25
1	2	2	12	4.44	2.80	0.35	0.04	1.25
2	14	14	32	10.56	8.04	1.00	0.20	1.32
2	14	14	32	10.62	8.17	1.00	0.20	1.25
2	14	14	32	10.65	8.23	0.98	0.19	1.25
2	14	14	32	10.44	8.04	0.98	0.18	1.24
2	14	14	32	10.45	8.00	1.00	0.20	1.25
2	14	14	32	12.22	9.67	1.11	0.19	1.25
2	14	14	32	11.68	9.17	1.03	0.20	1.27
2	14	14	32	10.73	8.29	1.00	0.19	1.25
2	14	14	32	10.55	8.14	0.98	0.18	1.25
2	14	14	32	11.11	8.66	1.00	0.19	1.25
1	12	12	20	6.56	4.53	0.59	0.16	1.28
2	8	8	20	5.45	3.48	0.59	0.10	1.27
1	2	2	12	4.04	2.41	0.35	0.04	1.25
1	18	18	28	9.00	6.57	0.86	0.24	1.35
2	14	14	32	10.39	7.93	0.99	0.20	1.28
2	8	8	20	5.83	3.78	0.62	0.11	1.32
2	8	8	20	5.89	3.88	0.62	0.11	1.29
3	14	14	72	27.01	22.90	2.61	0.18	1.32
1	15	15	48	67.10	64.01	1.48	0.18	1.43
1	21	21	32	12.25	9.49	1.10	0.32	1.33
1	12	12	20	5.65	3.69	0.55	0.14	1.27
2	8	8	20	13.83	11.94	0.55	0.10	1.24
3	27	27	189	31.31	22.36	7.00	0.53	1.42
1	4	4	18	6.06	4.21	0.55	0.06	1.25
1	4	4	18	6.32	4.49	0.53	0.06	1.24
1	12	12	20	6.42	4.38	0.59	0.16	1.29
1	12	12	20	5.69	3.65	0.59	0.17	1.28
1	2	2	12	4.07	2.40	0.36	0.04	1.27
2	8	8	20	5.87	3.89	0.61	0.11	1.26
2	8	8	20	5.91	3.88	0.60	0.11	1.32
2	14	14	32	16.25	13.80	0.98	0.21	1.26
2	8	8	20	5.50	3.49	0.61	0.11	1.28
3	16	16	78	29.20	24.44	2.88	0.40	1.49
3	16	16	79	29.38	24.74	2.87	0.40	1.36
1	12	12	20	7.12	4.85	0.73	0.18	1.35
1	12	12	20	7.22	4.92	0.79	0.20	1.31
2	8	8	47	60.82	57.80	1.55	0.11	1.35
1	12	12	20	5.80	3.82	0.57	0.14	1.27
2	8	8	20	5.33	3.43	0.57	0.10	1.23
1	12	12	20	5.91	3.98	0.54	0.14	1.26
2	8	8	20	5.50	3.62	0.55	0.10	1.23
2	8	8	20	5.46	3.57	0.55	0.09	1.24
2	8	8	20	5.30	3.42	0.56	0.10	1.22
2	8	8	20	5.38	3.49	0.56	0.10	1.23
2	8	8	20	5.32	3.43	0.55	0.10	1.24
2	8	8	20	5.51	3.60	0.55	0.10	1.25
3	40	40	265	9746.07	9573.99	143.00	20.78	8.30
2	8	8	20	5.81	3.82	0.62	0.11	1.26
1	12	12	20	5.63	3.57	0.61	0.16	1.29
2	8	8	20	6.30	4.25	0.64	0.11	1.29
2	8	8	20	6.01	3.84	0.68	0.12	1.38
2	8	8	20	5.78	3.60	0.67	0.12	1.39
2	8	8	20	5.55	3.49	0.61	0.11	1.33
1	12	12	20	6.35	4.16	0.66	0.16	1.37
2	8	8	20	5.36	3.38	0.61	0.11	1.26
2	8	8	20	5.33	3.35	0.60	0.10	1.28
2	8	8	20	5.28	3.31	0.60	0.10	1.27
2	8	8	20	5.46	3.37	0.63	0.12	1.35
2	8	8	20	5.39	3.40	0.61	0.10	1.28
2	8	8	20	5.30	3.32	0.61	0.11	1.26
2	8	8	20	7.25	4.72	0.81	0.13	1.58
2	8	8	20	5.89	3.75	0.66	0.11	1.37
2	8	8	20	5.79	3.58	0.69	0.12	1.40
2	8	8	20	5.48	3.46	0.62	0.11	1.29
2	8	8	20	5.93	3.89	0.61	0.11	1.32
1	12	12	20	5.91	3.84	0.62	0.16	1.29
2	8	8	20	5.42	3.43	0.61	0.11	1.27
1	3	3	16	5.91	4.13	0.49	0.05	1.25
2	8	8	20	5.86	3.88	0.61	0.10	1.27
5	16	16	125	31.92	25.03	5.20	0.38	1.31
1	12	12	20	5.91	3.85	0.58	0.15	1.32
3	15	15	54	12.52	9.28	1.78	0.20	1.26
4	17	17	51	18.19	14.18	2.16	0.51	1.34
2	14	14	32	11.11	8.69	0.99	0.20	1.23
2	8	8	20	6.31	4.29	0.60	0.11	1.31
2	8	8	20	6.23	4.26	0.60	0.11	1.27
4	11	11	36	10.69	7.77	1.39	0.25	1.29
2	8	8	20	5.76	3.80	0.60	0.10	1.26
1	9	9	32	8.65	6.29	1.01	0.11	1.24
2	8	8	20	5.80	3.82	0.60	0.10	1.27
2	8	8	20	5.89	3.90	0.61	0.11	1.28
3	54	54	144	70.28	60.72	5.97	1.54	2.06
3	24	24	63	41.00	36.63	2.38	0.46	1.53
2	45	45	153	66.68	58.33	5.77	0.75	1.83
2	8	8	20	6.48	4.49	0.61	0.11	1.28
1	21	21	32	11.15	8.55	0.97	0.28	1.36
1	21	21	32	9.80	7.25	0.95	0.30	1.30
1	21	21	32	12.97	10.42	0.97	0.28	1.30
1	21	21	32	12.83	10.27	0.98	0.28	1.30
1	21	21	32	14.47	11.88	0.98	0.30	1.31
1	21	21	32	13.20	10.60	0.97	0.30	1.32
1	21	21	32	12.72	10.16	0.98	0.28	1.30
1	21	21	32	14.67	12.14	0.97	0.27	1.29
1	12	12	20	5.52	3.49	0.59	0.16	1.28
1	12	12	20	5.51	3.47	0.60	0.15	1.28
4	1	1	228	79.45	68.42	9.71	0.04	1.28
2	8	8	20	5.81	3.82	0.61	0.11	1.26
2	8	8	20	5.85	3.86	0.62	0.11	1.26
3	6	6	41	14.68	12.01	1.41	0.08	1.18
2	8	8	20	6.37	4.40	0.60	0.12	1.26
2	14	14	32	10.80	8.37	0.98	0.20	1.25
1	18	18	28	9.07	6.69	0.84	0.26	1.28
2	8	8	20	5.85	3.86	0.61	0.12	1.26
1	21	21	32	10.65	8.08	0.96	0.30	1.31
2	8	8	20	6.55	4.56	0.60	0.10	1.30
2	8	8	20	6.27	4.29	0.61	0.11	1.26
2	45	45	122	63.63	56.36	4.47	0.97	1.83
2	8	8	20	5.91	3.94	0.60	0.11	1.26
2	8	8	20	6.23	4.14	0.63	0.12	1.34
2	8	8	20	6.15	4.17	0.62	0.10	1.26
1	15	15	48	64.17	60.95	1.55	0.18	1.49
1	2	2	12	5.80	3.84	0.43	0.05	1.49
2	8	8	20	6.17	4.17	0.63	0.11	1.27
2	8	8	20	5.68	3.67	0.62	0.11	1.28
1	12	12	20	5.48	3.43	0.59	0.15	1.30
6	29	29	400	113.99	89.27	21.82	1.04	1.86
1	18	18	56	12.08	8.82	1.72	0.22	1.31
1	21	21	32	10.05	7.50	0.95	0.30	1.31
1	2	2	12	4.30	2.72	0.33	0.03	1.22
2	8	8	20	5.65	3.73	0.57	0.10	1.25
2	8	8	20	5.77	3.84	0.57	0.10	1.25
2	8	8	20	6.15	4.21	0.58	0.10	1.26
2	8	8	20	5.84	3.90	0.57	0.11	1.26
2	8	8	20	5.73	3.78	0.57	0.10	1.27
2	8	8	20	6.25	4.04	0.66	0.12	1.43
1	10	10	36	10.18	7.71	1.15	0.12	1.20
1	12	12	20	6.31	4.22	0.60	0.15	1.35
1	12	12	20	6.39	4.19	0.65	0.17	1.38
1	36	36	104	41.63	35.89	3.57	0.56	1.60
1	45	45	128	65.33	58.13	4.53	0.80	1.88
3	48	48	136	60.66	52.56	5.22	0.99	1.90
2	8	8	20	5.51	3.52	0.60	0.11	1.29
2	8	8	20	5.42	3.43	0.60	0.10	1.28
2	18	18	53	11.44	8.15	1.74	0.24	1.30
1	10	10	36	11.35	8.85	1.15	0.12	1.24
1	12	12	20	5.81	3.75	0.60	0.16	1.30
2	8	8	20	6.23	4.21	0.61	0.10	1.31
2	8	8	20	6.42	4.27	0.65	0.12	1.38
1	12	12	20	6.37	4.11	0.66	0.17	1.43
1	21	21	32	10.80	8.14	1.00	0.28	1.39
3	14	14	76	15.41	11.25	2.63	0.20	1.32
2	8	8	20	6.68	4.50	0.67	0.12	1.38
1	0	0	9	9.41	9.16	0.25	0.00	0.00
1	2	2	12	13.76	11.99	0.37	0.05	1.35
2	8	8	20	18.21	15.99	0.68	0.13	1.42
2	4	4	59	9.28	5.61	2.37	0.08	1.22
1	6	6	28	9.04	6.82	0.92	0.09	1.22
2	14	14	32	10.16	7.74	0.98	0.21	1.23
3	13	13	45	12.75	9.45	1.69	0.32	1.30
4	17	17	60	18.71	14.55	2.30	0.50	1.36
2	8	8	20	5.95	3.91	0.61	0.11	1.32
2	8	8	20	5.76	3.77	0.60	0.11	1.28
2	8	8	20	5.92	3.93	0.61	0.11	1.27
1	9	9	32	9.44	7.10	0.99	0.12	1.22
1	9	9	32	10.22	7.91	0.97	0.12	1.22
2	8	8	20	5.64	3.68	0.59	0.11	1.26
2	14	14	32	10.46	7.99	1.00	0.20	1.26
1	9	9	32	8.75	6.41	0.98	0.12	1.23
2	8	8	20	5.89	3.90	0.60	0.11	1.29
1	21	21	32	10.18	7.62	0.97	0.30	1.30
8	12	12	40	19.89	17.09	1.36	0.20	1.24
2	8	8	20	7.36	4.93	0.74	0.14	1.55
1	12	12	20	7.55	5.32	0.63	0.17	1.43
2	8	8	20	6.12	4.03	0.63	0.12	1.35
2	8	8	20	5.59	3.53	0.61	0.11	1.33
2	14	14	32	10.67	8.21	0.99	0.20	1.27
1	12	12	20	7.91	5.86	0.60	0.15	1.29
2	14	14	32	11.54	9.10	0.99	0.20	1.26
1	10	10	36	10.09	7.54	1.17	0.12	1.26
2	8	8	20	6.18	4.21	0.60	0.11	1.27
1	21	21	32	10.24	7.62	0.99	0.30	1.33
4	14	14	88	18.63	14.15	3.02	0.21	1.25
2	14	14	32	9.68	7.23	1.00	0.21	1.24
2	8	8	20	6.14	4.18	0.60	0.11	1.24
2	14	14	32	10.13	7.69	0.99	0.20	1.23
2	14	14	32	10.60	8.13	0.99	0.21	1.27
1	12	12	20	6.31	4.20	0.61	0.15	1.35
2	8	8	20	6.26	4.26	0.61	0.11	1.27
1	2	2	12	4.66	3.00	0.36	0.04	1.26
2	8	8	20	7.43	5.44	0.61	0.11	1.27
1	6	6	48	14.67	11.58	1.81	0.08	1.21
2	8	8	20	5.89	3.94	0.61	0.11	1.24
1	2	2	6	4.39	2.92	0.18	0.04	1.25
1	18	18	56	75.67	72.18	1.70	0.24	1.55
3	14	14	78	14.41	10.28	2.63	0.20	1.30
3	14	14	57	15.24	11.80	1.97	0.20	1.27
2	14	14	32	10.64	8.18	0.99	0.21	1.26
3	16	16	77	29.62	24.87	2.94	0.39	1.42
2	8	8	20	5.43	3.45	0.60	0.11	1.28
2	8	8	20	5.56	3.56	0.60	0.11	1.29
2	8	8	20	5.57	3.54	0.60	0.11	1.32
2	8	8	20	5.55	3.50	0.61	0.11	1.33
1	12	12	20	5.88	3.80	0.63	0.16	1.29
2	8	8	20	6.80	4.83	0.60	0.11	1.27
2	8	8	20	5.81	3.79	0.61	0.11	1.29
1	9	9	16	5.93	4.07	0.46	0.11	1.29
1	6	6	24	8.17	6.13	0.72	0.08	1.24
1	2	2	12	4.76	3.10	0.37	0.04	1.26
2	8	8	20	5.86	3.90	0.59	0.11	1.27
2	8	8	20	6.83	4.79	0.60	0.12	1.32
2	23	23	58	16.90	12.68	2.25	0.51	1.46
1	3	3	16	6.54	4.78	0.46	0.05	1.24
1	4	4	9	3.85	2.24	0.27	0.06	1.28
1	2	2	6	3.39	1.90	0.19	0.04	1.27
1	12	12	20	6.09	3.99	0.60	0.16	1.33
2	8	8	20	6.34	4.29	0.62	0.12	1.32
1	2	2	12	4.22	2.55	0.37	0.04	1.27
1	12	12	20	5.93	3.90	0.59	0.15	1.29
2	8	8	20	5.64	3.65	0.60	0.11	1.28
2	8	8	20	5.50	3.53	0.59	0.11	1.27
2	8	8	20	5.40	3.43	0.59	0.11	1.28
2	2	2	12	5.00	3.25	0.37	0.04	1.34
1	12	12	20	6.00	3.94	0.60	0.16	1.30
1	12	12	20	6.34	4.15	0.64	0.17	1.38
2	14	14	32	10.56	7.94	0.99	0.18	1.45
1	42	42	120	50.98	44.37	4.24	0.66	1.70
1	15	15	48	11.85	8.82	1.55	0.18	1.30
2	8	8	44	65.80	62.83	1.53	0.11	1.34
1	0	0	60	19.27	17.13	2.15	0.00	0.00
2	14	14	32	9.65	7.30	0.92	0.19	1.24
2	19	19	32	10.64	8.03	0.98	0.28	1.34
2	8	8	20	5.80	3.84	0.59	0.11	1.27
4	13	13	74	22.11	17.62	2.91	0.28	1.29
2	8	8	20	6.12	4.16	0.60	0.11	1.25
2	8	8	20	6.50	4.53	0.60	0.11	1.26
2	14	14	32	12.05	9.64	0.98	0.18	1.25
3	8	8	79	21.03	17.13	2.56	0.12	1.23
1	12	12	40	37.88	35.20	1.22	0.13	1.32
2	21	21	54	12.73	9.32	1.85	0.27	1.30
2	8	8	20	5.79	3.70	0.64	0.11	1.34
1	21	21	32	10.09	7.54	0.97	0.29	1.29
2	14	14	32	10.13	7.72	0.98	0.19	1.24
1	9	9	37	9.79	7.25	1.25	0.11	1.20
2	14	14	32	10.56	8.14	0.99	0.20	1.22
1	12	12	20	5.57	3.54	0.59	0.15	1.29
1	120	120	252	27.31	5.36	12.19	5.72	4.05
1	2	2	12	4.61	2.93	0.36	0.04	1.28
2	14	14	32	10.63	8.14	0.99	0.21	1.29
2	8	8	20	6.62	4.67	0.58	0.10	1.26
2	8	8	20	6.24	4.18	0.63	0.11	1.33
3	40	40	190	57.99	48.61	6.82	0.86	1.70
3	33	33	66	34.17	29.75	2.29	0.65	1.48
1	21	21	32	10.99	8.37	1.05	0.26	1.31
1	10	10	36	9.96	7.44	1.18	0.12	1.21
2	18	18	84	8.04	3.50	3.00	0.26	1.28
1	4	4	18	7.55	5.63	0.65	0.05	1.22
1	21	21	32	10.60	8.01	1.00	0.29	1.30
2	8	8	20	5.99	3.95	0.66	0.10	1.28
2	8	8	20	6.95	4.88	0.72	0.10	1.25
1	21	21	32	11.55	8.99	0.97	0.26	1.33
2	8	8	20	6.90	4.96	0.58	0.10	1.26
1	2	2	12	4.38	2.77	0.34	0.03	1.23
1	12	12	20	5.93	3.93	0.57	0.14	1.29
2	8	8	20	6.26	4.32	0.58	0.10	1.26
2	8	8	20	6.50	4.56	0.57	0.10	1.27
3	8	8	40	7.34	4.62	1.36	0.12	1.23
4	25	25	72	34.34	30.31	2.30	0.33	1.40
2	8	8	20	5.30	3.36	0.58	0.10	1.25
1	45	45	64	59.00	54.38	2.08	0.69	1.84
1	12	12	20	5.68	3.68	0.57	0.14	1.29
1	12	12	20	5.66	3.68	0.57	0.14	1.28
2	8	8	20	5.55	3.62	0.57	0.10	1.26
2	8	8	20	6.65	4.67	0.59	0.11	1.27
1	4	4	18	5.97	4.15	0.52	0.05	1.24
1	12	12	20	5.81	3.78	0.58	0.15	1.29
2	14	14	32	10.30	7.91	0.94	0.17	1.29
2	8	8	20	5.79	3.83	0.59	0.10	1.27
2	14	14	32	10.64	8.22	0.96	0.19	1.27
2	8	8	20	5.85	3.91	0.59	0.10	1.26
1	2	2	12	4.34	2.75	0.33	0.03	1.23
1	21	21	32	12.19	9.69	0.94	0.25	1.32
2	8	8	20	6.85	4.92	0.57	0.10	1.26
2	8	8	20	5.24	3.31	0.57	0.10	1.26
1	45	45	128	65.07	57.88	4.48	0.84	1.87
1	18	18	56	81.65	78.16	1.75	0.22	1.52
1	9	9	32	16.03	13.73	0.94	0.11	1.25
1	9	9	32	15.22	12.90	0.97	0.10	1.25
1	15	15	48	64.21	61.12	1.49	0.19	1.40
1	12	12	40	50.42	47.71	1.22	0.15	1.34
1	12	12	40	36.01	33.33	1.22	0.15	1.31
1	18	18	56	79.55	76.09	1.72	0.23	1.51
1	15	15	48	65.13	62.01	1.51	0.18	1.43
1	21	21	64	100.36	96.46	2.01	0.27	1.62
1	15	15	48	59.76	56.70	1.48	0.20	1.38
1	9	9	32	14.98	12.68	0.95	0.11	1.25
1	36	36	104	201.20	195.13	3.54	0.54	1.99
1	18	18	56	77.52	74.03	1.73	0.23	1.53
1	12	12	40	35.99	33.30	1.24	0.15	1.30
1	18	18	56	79.57	76.08	1.75	0.23	1.51
1	15	15	48	62.98	59.90	1.47	0.19	1.42
1	15	15	48	59.66	56.60	1.50	0.19	1.37
1	15	15	48	63.26	60.13	1.48	0.19	1.45
1	18	18	56	80.97	77.49	1.76	0.21	1.51
1	15	15	48	68.03	64.87	1.53	0.20	1.44
1	15	15	48	43.50	40.45	1.50	0.20	1.35
1	15	15	48	59.85	56.73	1.51	0.18	1.42
1	9	9	32	14.87	12.59	0.93	0.11	1.25
1	21	21	64	96.47	92.61	1.99	0.26	1.61
1	15	15	48	62.89	59.79	1.50	0.19	1.41
1	12	12	40	35.64	32.94	1.21	0.15	1.33
1	15	15	48	63.26	60.18	1.49	0.19	1.40
1	9	9	32	15.03	12.72	0.96	0.11	1.24
1	15	15	48	62.11	59.03	1.49	0.19	1.40
1	9	9	32	14.99	12.67	0.95	0.11	1.26
1	15	15	48	64.20	61.12	1.47	0.19	1.42
1	15	15	48	64.85	61.69	1.51	0.20	1.45
1	18	18	56	78.30	74.76	1.79	0.22	1.53
1	33	33	96	177.36	171.64	3.31	0.49	1.92
1	9	9	32	14.94	12.62	0.96	0.11	1.25
1	12	12	40	36.03	33.39	1.20	0.16	1.28
1	15	15	48	63.69	60.64	1.48	0.19	1.39
1	12	12	40	35.19	32.51	1.25	0.15	1.29
1	12	12	40	38.49	35.80	1.22	0.14	1.33
1	15	15	48	62.32	59.23	1.50	0.19	1.40
1	12	12	40	37.14	34.49	1.20	0.15	1.30
1	15	15	48	63.98	60.88	1.51	0.19	1.40
1	12	12	40	38.01	35.32	1.25	0.15	1.29
1	15	15	48	61.77	58.64	1.51	0.19	1.43
1	18	18	56	83.66	80.20	1.72	0.22	1.51
1	27	27	80	139.68	134.78	2.72	0.39	1.80
1	21	21	64	100.36	96.42	2.06	0.27	1.60
1	18	18	56	84.65	80.73	2.02	0.24	1.66
1	36	36	104	202.78	196.02	3.99	0.68	2.09
2	46	46	154	55.86	47.34	5.87	0.84	1.81
1	18	18	56	85.39	81.61	1.94	0.25	1.59
1	18	18	56	85.36	81.74	1.82	0.24	1.56
1	15	15	48	67.68	64.40	1.62	0.20	1.46
1	12	12	40	40.64	37.84	1.30	0.15	1.35
1	12	12	40	36.26	33.48	1.27	0.16	1.35
1	21	21	64	89.75	85.77	2.08	0.26	1.63
1	15	15	48	64.17	61.00	1.54	0.19	1.44
1	2	2	12	4.90	3.26	0.34	0.04	1.27
1	10	10	36	10.33	7.80	1.15	0.12	1.25
1	12	12	40	40.18	37.43	1.29	0.14	1.32
2	8	8	20	6.68	4.67	0.60	0.10	1.30
1	15	15	48	63.75	60.53	1.60	0.18	1.45
1	18	18	56	79.51	75.99	1.78	0.21	1.54
1	18	18	56	86.83	83.30	1.75	0.23	1.55
1	15	15	48	45.02	41.89	1.58	0.18	1.38
1	21	21	64	96.52	92.54	2.07	0.27	1.64
1	15	15	48	62.43	59.30	1.51	0.19	1.42
1	15	15	48	66.48	63.35	1.53	0.18	1.42
1	9	9	32	17.09	14.75	0.95	0.11	1.28
1	15	15	48	63.40	60.30	1.50	0.19	1.41
1	15	15	48	64.74	61.58	1.53	0.19	1.44
1	18	18	56	82.83	79.33	1.76	0.22	1.52
1	0	0	32	9.08	8.15	0.93	0.00	0.00
1	12	12	40	38.36	35.66	1.21	0.15	1.34
1	18	18	56	79.32	75.85	1.73	0.23	1.52
1	0	0	24	7.17	6.49	0.68	0.00	0.00
1	15	15	48	64.07	60.94	1.49	0.19	1.45
1	24	24	72	123.90	119.34	2.47	0.34	1.75
1	9	9	32	15.34	13.03	0.95	0.11	1.25
1	15	15	48	64.98	61.84	1.51	0.18	1.44
2	8	8	20	5.85	3.91	0.57	0.10	1.26
1	15	15	48	67.78	64.64	1.53	0.18	1.43
1	18	18	56	87.50	83.93	1.73	0.22	1.61
1	2	2	12	4.87	3.13	0.38	0.04	1.32
1	21	21	32	12.27	9.27	1.17	0.33	1.50
1	2	2	12	4.17	2.53	0.35	0.04	1.26
1	12	12	40	36.79	34.04	1.33	0.16	1.27
3	14	14	72	17.93	13.93	2.56	0.20	1.25
1	36	36	104	41.21	35.58	3.50	0.58	1.55
1	2	2	6	3.43	2.04	0.16	0.03	1.20
2	8	8	20	5.66	3.73	0.58	0.11	1.24
2	8	8	20	5.65	3.72	0.57	0.10	1.25
2	8	8	20	5.82	3.87	0.59	0.11	1.26
2	8	8	20	5.28	3.36	0.57	0.10	1.25
1	4	4	9	3.76	2.22	0.25	0.05	1.24
2	8	8	20	5.26	3.34	0.57	0.11	1.24
1	4	4	9	3.70	2.17	0.25	0.05	1.23
1	4	4	9	3.77	2.23	0.25	0.05	1.24
1	4	4	9	3.80	2.26	0.25	0.05	1.23
2	8	8	20	6.26	4.27	0.58	0.10	1.31
2	8	8	20	7.08	5.06	0.69	0.11	1.22
2	8	8	20	6.78	4.75	0.68	0.11	1.23
2	8	8	20	5.67	3.75	0.58	0.10	1.25
2	8	8	20	5.42	3.52	0.56	0.10	1.25
1	10	10	36	10.26	7.85	1.09	0.12	1.21
1	3	3	16	7.22	5.48	0.45	0.04	1.25
2	8	8	20	5.80	3.87	0.58	0.10	1.25
1	12	12	20	5.75	3.75	0.58	0.15	1.27
2	14	14	32	10.68	8.30	0.94	0.19	1.25
1	2	2	12	4.37	2.79	0.33	0.03	1.21
2	14	14	32	9.98	7.62	0.93	0.18	1.25
1	21	21	32	10.34	7.82	0.95	0.27	1.30
2	24	24	67	21.45	16.53	2.86	0.58	1.46
2	8	8	20	5.74	3.81	0.58	0.10	1.25
2	8	8	20	5.70	3.75	0.58	0.10	1.26
1	12	12	20	6.24	4.20	0.58	0.15	1.30
1	2	2	12	4.37	2.77	0.33	0.03	1.23
1	15	15	28	11.69	9.24	0.99	0.19	1.26
1	2	2	12	4.37	2.81	0.33	0.03	1.21
1	2	2	12	4.29	2.72	0.33	0.03	1.22
1	12	12	20	5.54	3.54	0.57	0.15	1.28
2	14	14	32	10.18	7.82	0.92	0.18	1.26
1	2	2	12	4.83	3.28	0.32	0.03	1.20
2	14	14	32	9.52	7.17	0.92	0.18	1.24
1	9	9	32	7.89	5.61	0.94	0.10	1.24
2	8	8	20	7.33	5.40	0.58	0.10	1.25
