NumberStatement	NumberMCI	NumberRRI	MCISolvingRoundAverage	TotalTimeAverage	MCILabelsTimeAverage	MCIOperationsTimeAverage	RRIOperationsTimeAverage	RRIILPSolvingTimeAverage
1	1	1	16	17.74	16.94	0.46	0.34	0.00
2	4	2	36	25.42	24.03	0.97	0.42	0.00
3	9	3	64	34.35	31.85	1.91	0.59	0.00
4	16	4	100	47.96	43.96	3.18	0.82	0.00
5	25	5	144	56.06	50.05	4.96	1.05	0.00
6	36	6	196	67.79	59.26	7.26	1.26	0.00
7	49	7	256	83.94	72.94	9.60	1.41	0.00
8	64	8	324	101.61	86.53	13.38	1.70	0.00
9	81	9	400	129.11	110.79	16.46	1.87	0.00
10	100	10	484	144.24	122.20	20.02	2.02	0.00
11	121	11	576	175.14	148.68	24.23	2.22	0.00
12	144	12	676	205.34	172.50	29.71	3.13	0.00
13	169	13	784	269.27	233.61	32.25	3.41	0.00
14	196	14	900	290.10	248.39	37.77	3.94	0.00
15	225	15	1024	340.96	291.14	44.98	4.84	0.00
