NumberStatement	NumberMCI	NumberRRI	MCISolvingRoundAverage	TotalTimeAverage	MCILabelsTimeAverage	MCIOperationsTimeAverage	RRIOperationsTimeAverage	RRIILPSolvingTimeAverage
1	1	1	32	19.37	16.18	0.66	0.12	2.41
2	4	2	108	39.82	32.76	3.36	0.30	3.40
3	9	3	250	63.12	50.34	9.04	0.58	3.17
4	16	4	482	99.83	77.05	19.32	0.97	2.48
5	25	5	825	153.17	119.80	29.53	1.48	2.36
6	36	6	1296	228.82	183.28	40.78	2.25	2.52
7	49	7	1918	291.93	224.86	59.83	4.14	3.10
8	64	8	2712	435.69	321.98	100.42	9.13	4.16
9	81	9	3701	590.99	431.80	139.43	14.11	5.65
10	100	10	4903	794.55	547.01	203.83	35.72	7.98
11	121	11	6322	1135.31	823.25	268.63	32.65	10.78
12	144	12	8020	1615.09	1159.09	366.59	74.19	15.23
13	169	13	9987	2184.05	1587.08	482.01	93.44	21.52
14	196	14	12254	2662.58	1832.48	694.72	106.87	28.50
15	225	15	14837	3234.85	2206.03	856.83	132.95	39.03
