Policy	A	B
0	0.01	0.01
1	0.01	0.01
2	0.01	0.01
3	0.01	0.01
4	1.23	0.01
5	1.23	0.06
6	1.24	0.07
7	1.24	0.07
8	1.25	0.08
9	1.25	0.08
10	1.26	0.08
11	1.26	0.08
12	1.26	0.08
13	1.26	0.08
14	1.27	0.09
15	1.28	0.09
16	1.28	0.09
17	1.29	0.09
18	1.29	0.09
19	1.29	0.09
20	1.29	0.09
21	1.29	0.09
22	1.29	0.09
23	1.29	0.09
24	1.29	0.09
25	1.29	0.09
26	1.30	0.09
27	1.30	0.09
28	1.30	0.09
29	1.30	0.09
30	1.30	0.09
31	1.30	0.09
32	1.30	0.09
33	1.30	0.10
34	1.30	0.10
35	1.31	0.10
36	1.31	0.10
37	1.31	0.10
38	1.31	0.10
39	1.31	0.10
40	1.31	0.10
41	1.31	0.10
42	1.32	0.10
43	1.32	0.10
44	1.32	0.10
45	1.32	0.11
46	1.32	0.11
47	1.32	0.11
48	1.32	0.11
49	1.33	0.11
50	1.33	0.11
51	1.33	0.11
52	1.33	0.11
53	1.33	0.12
54	1.33	0.12
55	1.33	0.12
56	1.34	0.12
57	1.34	0.12
58	1.34	0.12
59	1.34	0.12
60	1.34	0.13
61	1.34	0.13
62	1.34	0.13
63	1.35	0.13
64	1.35	0.13
65	1.35	0.14
66	1.35	0.14
67	1.35	0.14
68	1.35	0.14
69	1.35	0.14
70	1.35	0.14
71	1.35	0.14
72	1.35	0.14
73	1.35	0.14
74	1.35	0.14
75	1.35	0.14
76	1.35	0.14
77	1.35	0.14
78	1.35	0.14
79	1.35	0.14
80	1.35	0.14
81	1.35	0.14
82	1.35	0.15
83	1.35	0.15
84	1.35	0.15
85	1.35	0.15
86	1.36	0.15
87	1.36	0.15
88	1.36	0.15
89	1.36	0.15
90	1.36	0.15
91	1.36	0.15
92	1.36	0.15
93	1.36	0.15
94	1.36	0.15
95	1.36	0.15
96	1.36	0.15
97	1.36	0.15
98	1.36	0.15
99	1.36	0.15
100	1.36	0.15
101	1.36	0.15
102	1.36	0.15
103	1.36	0.15
104	1.36	0.15
105	1.36	0.15
106	1.36	0.15
107	1.36	0.15
108	1.36	0.15
109	1.36	0.15
110	1.37	0.15
111	1.37	0.16
112	1.37	0.16
113	1.37	0.16
114	1.37	0.16
115	1.37	0.16
116	1.37	0.16
117	1.37	0.16
118	1.37	0.16
119	1.37	0.16
120	1.37	0.16
121	1.37	0.16
122	1.37	0.16
123	1.37	0.16
124	1.37	0.16
125	1.37	0.16
126	1.37	0.16
127	1.37	0.16
128	1.37	0.16
129	1.37	0.16
130	1.37	0.16
131	1.37	0.16
132	1.37	0.16
133	1.37	0.16
134	1.37	0.16
135	1.37	0.16
136	1.38	0.16
137	1.38	0.16
138	1.38	0.16
139	1.38	0.16
140	1.38	0.16
141	1.38	0.16
142	1.38	0.16
143	1.38	0.16
144	1.38	0.16
145	1.38	0.16
146	1.38	0.16
147	1.38	0.16
148	1.38	0.16
149	1.38	0.16
150	1.38	0.16
151	1.38	0.16
152	1.38	0.16
153	1.38	0.16
154	1.38	0.16
155	1.38	0.16
156	1.38	0.16
157	1.38	0.16
158	1.38	0.17
159	1.38	0.17
160	1.39	0.17
161	1.39	0.17
162	1.39	0.17
163	1.39	0.17
164	1.39	0.17
165	1.39	0.17
166	1.39	0.17
167	1.39	0.17
168	1.39	0.17
169	1.39	0.17
170	1.39	0.17
171	1.39	0.17
172	1.40	0.17
173	1.40	0.17
174	1.40	0.17
175	1.40	0.17
176	1.40	0.17
177	1.40	0.17
178	1.40	0.17
179	1.40	0.17
180	1.40	0.17
181	1.40	0.17
182	1.40	0.17
183	1.40	0.17
184	1.40	0.17
185	1.41	0.17
186	1.41	0.17
187	1.41	0.17
188	1.41	0.17
189	1.41	0.17
190	1.41	0.17
191	1.41	0.17
192	1.42	0.17
193	1.42	0.17
194	1.42	0.17
195	1.42	0.17
196	1.42	0.17
197	1.42	0.17
198	1.42	0.17
199	1.42	0.17
200	1.42	0.17
201	1.43	0.17
202	1.43	0.17
203	1.43	0.17
204	1.43	0.17
205	1.43	0.17
206	1.43	0.17
207	1.43	0.17
208	1.43	0.17
209	1.43	0.17
210	1.43	0.18
211	1.43	0.18
212	1.43	0.18
213	1.43	0.18
214	1.43	0.18
215	1.43	0.18
216	1.43	0.18
217	1.43	0.18
218	1.43	0.18
219	1.44	0.18
220	1.44	0.18
221	1.44	0.18
222	1.44	0.18
223	1.44	0.18
224	1.44	0.18
225	1.44	0.18
226	1.44	0.18
227	1.44	0.18
228	1.44	0.18
229	1.44	0.18
230	1.44	0.18
231	1.44	0.18
232	1.44	0.18
233	1.44	0.18
234	1.44	0.18
235	1.44	0.18
236	1.44	0.18
237	1.44	0.18
238	1.44	0.18
239	1.44	0.18
240	1.44	0.18
241	1.44	0.18
242	1.44	0.18
243	1.44	0.18
244	1.44	0.18
245	1.44	0.18
246	1.44	0.18
247	1.44	0.18
248	1.45	0.18
249	1.45	0.18
250	1.45	0.18
251	1.45	0.18
252	1.45	0.18
253	1.45	0.19
254	1.45	0.19
255	1.45	0.19
256	1.45	0.19
257	1.45	0.19
258	1.45	0.19
259	1.45	0.19
260	1.45	0.19
261	1.45	0.19
262	1.45	0.19
263	1.45	0.19
264	1.45	0.19
265	1.45	0.19
266	1.45	0.19
267	1.45	0.19
268	1.45	0.19
269	1.45	0.19
270	1.46	0.19
271	1.46	0.19
272	1.46	0.19
273	1.46	0.19
274	1.46	0.19
275	1.46	0.19
276	1.46	0.19
277	1.46	0.19
278	1.46	0.19
279	1.46	0.20
280	1.46	0.20
281	1.46	0.20
282	1.46	0.20
283	1.46	0.20
284	1.46	0.20
285	1.46	0.20
286	1.46	0.20
287	1.46	0.20
288	1.46	0.20
289	1.47	0.20
290	1.47	0.20
291	1.47	0.20
292	1.47	0.20
293	1.47	0.20
294	1.47	0.20
295	1.47	0.20
296	1.47	0.20
297	1.47	0.20
298	1.47	0.21
299	1.47	0.21
300	1.47	0.21
301	1.47	0.21
302	1.47	0.21
303	1.47	0.21
304	1.48	0.21
305	1.48	0.21
306	1.48	0.21
307	1.48	0.21
308	1.48	0.21
309	1.48	0.21
310	1.48	0.21
311	1.48	0.21
312	1.48	0.21
313	1.48	0.22
314	1.48	0.22
315	1.48	0.22
316	1.48	0.22
317	1.48	0.22
318	1.48	0.22
319	1.49	0.22
320	1.49	0.22
321	1.49	0.22
322	1.49	0.22
323	1.49	0.22
324	1.49	0.22
325	1.50	0.22
326	1.50	0.23
327	1.50	0.23
328	1.50	0.23
329	1.50	0.23
330	1.50	0.23
331	1.50	0.23
332	1.50	0.23
333	1.50	0.23
334	1.50	0.23
335	1.51	0.23
336	1.51	0.23
337	1.51	0.23
338	1.51	0.23
339	1.52	0.23
340	1.52	0.23
341	1.52	0.23
342	1.52	0.23
343	1.52	0.23
344	1.52	0.24
345	1.53	0.24
346	1.53	0.24
347	1.53	0.24
348	1.53	0.24
349	1.53	0.24
350	1.54	0.24
351	1.54	0.24
352	1.54	0.24
353	1.54	0.24
354	1.54	0.24
355	1.54	0.24
356	1.55	0.24
357	1.55	0.24
358	1.55	0.24
359	1.55	0.24
360	1.55	0.24
361	1.55	0.24
362	1.56	0.24
363	1.56	0.24
364	1.56	0.24
365	1.56	0.24
366	1.57	0.24
367	1.57	0.24
368	1.57	0.24
369	1.57	0.25
370	1.57	0.25
371	1.57	0.25
372	1.57	0.25
373	1.58	0.25
374	1.58	0.25
375	1.58	0.25
376	1.58	0.25
377	1.58	0.25
378	1.58	0.25
379	1.58	0.25
380	1.59	0.25
381	1.59	0.25
382	1.59	0.25
383	1.59	0.25
384	1.59	0.25
385	1.59	0.25
386	1.59	0.25
387	1.59	0.25
388	1.60	0.25
389	1.60	0.25
390	1.60	0.25
391	1.60	0.26
392	1.60	0.26
393	1.60	0.26
394	1.60	0.26
395	1.60	0.26
396	1.61	0.26
397	1.61	0.26
398	1.61	0.26
399	1.61	0.26
400	1.61	0.26
401	1.61	0.26
402	1.61	0.26
403	1.61	0.26
404	1.61	0.26
405	1.61	0.26
406	1.61	0.26
407	1.61	0.26
408	1.62	0.26
409	1.62	0.26
410	1.62	0.26
411	1.62	0.26
412	1.62	0.26
413	1.62	0.26
414	1.62	0.26
415	1.63	0.26
416	1.63	0.27
417	1.63	0.27
418	1.63	0.27
419	1.63	0.27
420	1.63	0.27
421	1.63	0.27
422	1.63	0.27
423	1.64	0.27
424	1.64	0.27
425	1.64	0.27
426	1.64	0.27
427	1.64	0.27
428	1.64	0.27
429	1.65	0.27
430	1.65	0.27
431	1.65	0.27
432	1.66	0.28
433	1.67	0.28
434	1.67	0.28
435	1.69	0.28
436	1.69	0.28
437	1.69	0.28
438	1.71	0.28
439	1.72	0.28
440	1.72	0.28
441	1.72	0.28
442	1.73	0.29
443	1.73	0.29
444	1.74	0.29
445	1.74	0.29
446	1.74	0.29
447	1.74	0.29
448	1.75	0.29
449	1.75	0.29
450	1.75	0.29
451	1.75	0.30
452	1.76	0.30
453	1.76	0.30
454	1.78	0.30
455	1.79	0.30
456	1.80	0.31
457	1.81	0.31
458	1.83	0.31
459	1.83	0.32
460	1.84	0.33
461	1.85	0.33
462	1.86	0.33
463	1.87	0.34
464	1.87	0.34
465	1.89	0.34
466	1.89	0.35
467	1.89	0.37
468	1.90	0.38
469	1.91	0.38
470	1.92	0.38
471	1.95	0.38
472	1.97	0.39
473	1.99	0.39
474	2.04	0.39
475	2.09	0.39
476	2.11	0.40
477	2.12	0.40
478	2.13	0.42
479	2.13	0.42
480	2.13	0.42
481	2.16	0.43
482	2.17	0.44
483	2.19	0.45
484	2.22	0.45
485	2.36	0.45
486	2.41	0.46
487	2.51	0.46
488	2.53	0.47
489	2.53	0.47
490	2.56	0.49
491	2.58	0.49
492	2.65	0.50
493	2.68	0.50
494	2.71	0.51
495	2.77	0.52
496	2.80	0.52
497	2.89	0.56
498	2.90	0.57
499	2.90	0.58
500	2.95	0.61
501	3.04	0.67
502	3.60	0.75
503	9.77	0.92
504	26.57	1.93
505	29.08	3.33
