Policy	A	B
0	0.33	0.18
1	0.37	0.20
2	0.42	0.20
3	0.49	0.39
4	0.53	0.27
5	0.55	0.26
6	0.58	0.07
7	0.60	0.27
8	0.61	0.44
9	0.62	0.25
10	0.62	0.25
11	0.69	0.33
12	0.71	0.67
13	0.71	0.34
14	0.73	0.32
15	0.74	1.02
16	0.75	0.41
17	0.75	0.32
18	0.76	0.47
19	0.77	0.34
20	0.77	0.35
21	0.77	0.34
22	0.78	0.34
23	0.78	0.34
24	0.78	0.32
25	0.79	0.30
26	0.79	0.33
27	0.80	0.33
28	0.81	0.57
29	0.81	0.34
30	0.82	0.32
31	0.82	0.52
32	0.82	0.34
33	0.82	0.34
34	0.84	0.32
35	0.84	0.32
36	0.86	0.33
37	0.86	0.52
38	0.88	0.33
39	0.88	0.32
40	0.90	0.38
41	0.92	0.33
42	0.92	0.58
43	0.93	0.33
44	0.93	0.52
45	0.95	0.42
46	0.96	0.32
47	0.96	0.41
48	0.96	0.46
49	0.98	0.52
50	0.98	0.51
51	0.99	0.47
52	0.99	0.51
53	1.02	0.50
54	1.02	0.43
55	1.06	0.57
56	1.06	0.52
57	1.07	0.51
58	1.10	0.52
59	1.10	0.53
60	1.10	0.40
61	1.11	0.51
62	1.12	0.60
63	1.12	0.50
64	1.12	0.51
65	1.13	0.70
66	1.13	0.54
67	1.15	0.58
68	1.16	0.54
69	1.16	0.51
70	1.17	1.27
71	1.17	0.50
72	1.17	0.51
73	1.18	0.57
74	1.18	0.51
75	1.18	0.53
76	1.19	0.62
77	1.19	0.52
78	1.19	0.51
79	1.19	0.51
80	1.19	0.51
81	1.20	0.52
82	1.20	0.52
83	1.20	0.53
84	1.20	0.50
85	1.21	0.51
86	1.21	0.52
87	1.21	0.53
88	1.21	0.61
89	1.22	0.52
90	1.22	0.53
91	1.23	0.51
92	1.23	0.51
93	1.24	0.51
94	1.24	0.51
95	1.24	0.52
96	1.25	0.51
97	1.25	0.51
98	1.26	0.57
99	1.26	0.58
100	1.26	0.51
101	1.26	0.57
102	1.26	0.52
103	1.26	0.57
104	1.26	0.49
105	1.26	0.51
106	1.26	0.61
107	1.27	3.25
108	1.27	0.50
109	1.27	0.52
110	1.27	0.51
111	1.27	0.52
112	1.27	0.51
113	1.27	0.51
114	1.28	0.53
115	1.28	0.55
116	1.29	0.52
117	1.30	0.56
118	1.30	0.51
119	1.30	0.50
120	1.30	0.51
121	1.30	0.51
122	1.31	0.62
123	1.31	0.59
124	1.31	0.51
125	1.31	0.52
126	1.31	0.51
127	1.31	0.57
128	1.31	0.49
129	1.32	0.51
130	1.32	0.60
131	1.32	0.59
132	1.32	0.52
133	1.32	0.51
134	1.33	0.93
135	1.33	0.48
136	1.33	0.51
137	1.33	0.52
138	1.33	0.51
139	1.33	0.52
140	1.33	0.52
141	1.33	0.51
142	1.34	0.53
143	1.34	0.51
144	1.34	0.52
145	1.34	0.49
146	1.34	0.49
147	1.35	0.50
148	1.35	0.53
149	1.35	0.52
150	1.35	0.47
151	1.36	0.55
152	1.36	0.64
153	1.36	0.50
154	1.36	0.51
155	1.37	0.51
156	1.37	0.51
157	1.37	0.57
158	1.37	0.51
159	1.37	0.49
160	1.37	0.50
161	1.37	0.55
162	1.37	0.51
163	1.37	0.50
164	1.37	0.56
165	1.38	0.54
166	1.38	0.50
167	1.38	0.50
168	1.38	0.51
169	1.38	0.52
170	1.39	0.52
171	1.39	0.51
172	1.39	0.53
173	1.39	0.53
174	1.39	0.56
175	1.39	0.52
176	1.39	0.52
177	1.40	0.76
178	1.40	0.60
179	1.40	0.53
180	1.40	0.51
181	1.40	0.57
182	1.40	0.50
183	1.40	0.49
184	1.41	0.53
185	1.41	0.51
186	1.41	0.52
187	1.41	0.62
188	1.41	0.63
189	1.41	0.51
190	1.41	0.52
191	1.41	0.52
192	1.41	0.51
193	1.42	0.51
194	1.42	0.50
195	1.42	0.51
196	1.42	0.49
197	1.43	0.50
198	1.43	0.51
199	1.43	0.49
200	1.44	0.51
201	1.44	0.51
202	1.44	0.52
203	1.45	0.54
204	1.45	0.58
205	1.45	0.51
206	1.45	0.53
207	1.45	0.53
208	1.46	0.52
209	1.46	0.50
210	1.46	0.50
211	1.46	0.49
212	1.46	0.51
213	1.47	0.63
214	1.47	0.51
215	1.47	0.52
216	1.47	0.50
217	1.47	0.64
218	1.48	0.52
219	1.48	0.51
220	1.49	1.09
221	1.49	0.52
222	1.49	0.51
223	1.49	0.53
224	1.50	0.51
225	1.50	0.50
226	1.50	0.51
227	1.51	0.59
228	1.52	0.54
229	1.52	0.52
230	1.53	0.54
231	1.53	0.59
232	1.53	0.59
233	1.53	0.51
234	1.53	0.53
235	1.53	0.81
236	1.54	0.62
237	1.54	0.66
238	1.55	0.51
239	1.56	0.50
240	1.61	0.58
241	1.64	0.62
242	1.66	0.50
243	1.70	0.07
244	1.71	0.76
245	1.76	0.79
246	1.77	0.78
247	1.82	0.75
248	1.87	0.77
249	1.97	0.83
250	2.00	0.75
251	2.01	0.82
252	2.01	0.78
253	2.02	0.69
254	2.03	0.79
255	2.03	0.83
256	2.04	0.81
257	2.05	0.82
258	2.06	0.78
259	2.08	0.68
260	2.08	0.08
261	2.09	0.84
262	2.09	0.78
263	2.10	0.81
264	2.11	0.80
265	2.14	0.83
266	2.15	0.81
267	2.15	0.82
268	2.16	0.80
269	2.17	0.84
270	2.17	0.78
271	2.17	0.80
272	2.18	0.81
273	2.18	0.83
274	2.19	0.86
275	2.19	0.80
276	2.19	0.80
277	2.20	0.81
278	2.21	0.83
279	2.22	0.79
280	2.22	0.77
281	2.22	1.05
282	2.23	0.77
283	2.24	0.78
284	2.24	0.78
285	2.24	0.80
286	2.24	0.94
287	2.25	0.77
288	2.25	0.77
289	2.26	0.78
290	2.26	0.78
291	2.26	0.79
292	2.26	0.75
293	2.27	0.79
294	2.27	0.79
295	2.27	0.79
296	2.27	0.79
297	2.28	0.93
298	2.30	0.78
299	2.30	0.80
300	2.30	0.80
301	2.31	0.78
302	2.31	0.79
303	2.31	0.79
304	2.32	0.96
305	2.33	0.80
306	2.33	0.77
307	2.34	0.79
308	2.34	0.89
309	2.35	0.84
310	2.35	0.84
311	2.35	0.83
312	2.36	0.80
313	2.36	0.84
314	2.37	0.81
315	2.37	0.78
316	2.38	0.80
317	2.38	0.80
318	2.39	0.79
319	2.40	0.89
320	2.40	0.79
321	2.41	0.80
322	2.42	0.86
323	2.42	0.79
324	2.42	0.80
325	2.42	0.77
326	2.43	0.77
327	2.43	0.80
328	2.44	0.84
329	2.45	0.81
330	2.45	0.77
331	2.45	0.79
332	2.46	0.97
333	2.46	0.78
334	2.48	0.78
335	2.49	0.83
336	2.49	0.79
337	2.49	0.79
338	2.49	0.79
339	2.49	0.79
340	2.50	1.79
341	2.50	0.90
342	2.51	0.80
343	2.52	0.96
344	2.52	0.80
345	2.52	1.37
346	2.53	0.80
347	2.54	0.77
348	2.55	0.84
349	2.55	0.78
350	2.56	0.78
351	2.56	1.07
352	2.56	1.07
353	2.56	0.75
354	2.57	0.78
355	2.58	0.93
356	2.58	0.79
357	2.58	0.78
358	2.59	0.90
359	2.60	1.50
360	2.60	0.80
361	2.60	0.78
362	2.60	0.81
363	2.61	0.81
364	2.65	0.78
365	2.66	0.80
366	2.67	0.79
367	2.67	0.91
368	2.70	0.87
369	2.76	0.90
370	2.79	0.90
371	2.84	0.99
372	2.86	0.97
373	2.89	1.00
374	2.90	1.00
375	2.96	1.25
376	2.97	0.92
377	2.98	0.99
378	2.99	1.18
379	3.00	1.29
380	3.03	1.02
381	3.06	1.08
382	3.08	0.97
383	3.08	0.99
384	3.08	1.12
385	3.15	0.99
386	3.16	0.95
387	3.18	1.01
388	3.18	0.99
389	3.20	1.09
390	3.20	1.22
391	3.26	1.19
392	3.30	1.02
393	3.31	1.19
394	3.32	1.02
395	3.34	1.00
396	3.34	1.19
397	3.44	1.28
398	3.45	1.19
399	3.46	1.18
400	3.48	1.18
401	3.51	1.20
402	3.52	1.17
403	3.54	1.23
404	3.54	1.17
405	3.60	1.18
406	3.63	1.18
407	3.64	1.18
408	3.64	1.21
409	3.66	1.32
410	3.66	1.20
411	3.68	1.20
412	3.79	1.35
413	3.79	1.17
414	3.82	1.18
415	3.83	1.18
416	3.84	1.18
417	3.87	1.31
418	3.89	1.19
419	3.90	1.18
420	3.91	1.19
421	3.97	1.17
422	4.00	1.17
423	4.03	1.42
424	4.07	1.20
425	4.17	1.37
426	4.18	1.64
427	4.22	1.16
428	4.24	1.27
429	4.28	1.19
430	4.34	1.19
431	4.35	1.37
432	4.36	1.52
433	4.36	1.50
434	4.37	1.38
435	4.39	1.18
436	4.44	1.34
437	4.45	1.37
438	4.49	1.23
439	4.49	1.39
440	4.55	1.52
441	4.56	1.36
442	4.65	1.39
443	4.66	1.37
444	4.68	1.40
445	4.68	1.39
446	4.69	1.37
447	4.79	1.39
448	4.90	1.54
449	4.91	1.45
450	5.08	1.53
451	5.13	1.45
452	5.17	1.65
453	5.19	1.64
454	5.20	1.65
455	5.33	1.52
456	5.36	1.54
457	5.41	1.77
458	5.46	1.81
459	5.47	1.53
460	5.47	1.67
461	5.57	1.49
462	5.69	1.60
463	5.76	2.09
464	5.96	0.08
465	6.04	1.75
466	6.21	1.70
467	6.64	1.74
468	6.83	1.92
469	6.84	1.75
470	6.89	1.84
471	6.92	1.75
472	6.95	1.98
473	6.99	1.63
474	7.05	1.87
475	7.27	1.92
476	7.48	2.05
477	7.88	2.01
478	8.04	2.49
479	8.08	1.84
480	8.38	1.87
481	8.38	2.27
482	8.43	2.44
483	8.81	2.39
484	8.82	2.36
485	8.93	3.01
486	9.79	2.22
487	10.35	2.32
488	10.47	3.02
489	10.96	3.10
490	11.27	2.83
491	12.97	2.82
492	13.15	2.81
493	13.76	3.12
494	13.97	3.43
495	14.10	3.22
496	14.54	4.09
497	14.55	3.53
498	14.92	3.83
499	15.89	3.48
500	16.52	4.00
501	22.94	1.50
502	25.40	6.61
503	35.96	10.09
504	42.11	11.41
505	170.93	18.14
