Policy	A	B
0	1.96	1.04
1	2.03	1.18
2	2.14	0.96
3	2.18	0.97
4	2.21	0.95
5	2.22	1.58
6	2.27	0.93
7	2.30	1.16
8	2.33	1.12
9	2.39	1.07
10	2.46	1.37
11	2.47	1.24
12	2.62	1.44
13	2.63	1.42
14	2.65	1.59
15	2.71	1.54
16	2.74	1.58
17	2.78	1.53
18	2.79	1.37
19	2.90	1.17
20	2.91	2.06
21	2.93	1.54
22	2.93	1.32
23	2.96	1.55
24	3.00	1.64
25	3.00	1.78
26	3.08	1.65
27	3.13	1.08
28	3.13	1.10
29	3.13	0.96
30	3.13	1.13
31	3.14	1.68
32	3.14	1.10
33	3.14	1.04
34	3.15	1.85
35	3.15	1.08
36	3.15	1.80
37	3.17	1.35
38	3.17	0.79
39	3.18	2.22
40	3.23	1.56
41	3.24	0.88
42	3.24	1.04
43	3.25	1.03
44	3.25	0.88
45	3.25	0.85
46	3.25	1.01
47	3.26	0.90
48	3.26	0.97
49	3.26	1.59
50	3.27	0.92
51	3.27	0.81
52	3.27	0.87
53	3.28	0.88
54	3.28	1.24
55	3.30	0.86
56	3.30	0.88
57	3.31	0.95
58	3.31	0.54
59	3.31	0.98
60	3.32	1.14
61	3.33	0.92
62	3.33	1.01
63	3.33	1.28
64	3.33	0.88
65	3.36	1.17
66	3.37	1.05
67	3.37	0.94
68	3.38	0.88
69	3.38	1.14
70	3.39	1.72
71	3.39	1.10
72	3.40	1.04
73	3.40	1.16
74	3.42	0.93
75	3.42	1.19
76	3.42	1.33
77	3.43	1.21
78	3.44	1.13
79	3.44	0.98
80	3.44	1.08
81	3.47	1.03
82	3.47	1.00
83	3.47	1.11
84	3.48	1.18
85	3.49	1.26
86	3.50	1.18
87	3.50	0.90
88	3.51	1.00
89	3.52	0.98
90	3.52	1.12
91	3.52	1.28
92	3.53	1.20
93	3.53	1.24
94	3.54	1.19
95	3.55	0.96
96	3.55	1.28
97	3.55	1.20
98	3.55	1.22
99	3.56	1.45
100	3.57	1.25
101	3.59	1.22
102	3.59	1.33
103	3.59	1.34
104	3.60	1.25
105	3.60	1.30
106	3.61	1.07
107	3.61	0.91
108	3.61	0.91
109	3.62	1.25
110	3.62	1.30
111	3.63	1.26
112	3.63	1.53
113	3.64	1.23
114	3.64	1.11
115	3.64	1.20
116	3.65	0.92
117	3.65	1.34
118	3.66	1.21
119	3.66	1.22
120	3.66	1.31
121	3.66	0.79
122	3.66	1.22
123	3.67	1.13
124	3.67	1.46
125	3.68	0.92
126	3.68	1.17
127	3.68	1.14
128	3.68	1.37
129	3.68	1.23
130	3.68	1.37
131	3.68	1.29
132	3.68	1.30
133	3.68	1.26
134	3.70	1.15
135	3.70	1.31
136	3.71	1.25
137	3.71	1.31
138	3.71	1.41
139	3.71	1.41
140	3.72	1.46
141	3.73	1.30
142	3.73	0.95
143	3.74	1.26
144	3.74	1.43
145	3.75	1.42
146	3.78	1.06
147	3.78	1.38
148	3.80	0.91
149	3.81	1.21
150	3.81	1.45
151	3.82	1.09
152	3.84	1.25
153	3.87	1.33
154	3.87	1.64
155	3.88	1.46
156	3.89	1.02
157	3.91	1.32
158	3.91	1.27
159	3.91	1.55
160	3.91	1.29
161	3.92	0.73
162	3.92	1.57
163	3.92	1.31
164	3.93	1.23
165	3.95	1.36
166	3.95	1.42
167	3.96	1.44
168	3.97	1.04
169	3.98	1.25
170	3.98	1.60
171	4.00	1.02
172	4.01	1.17
173	4.01	1.20
174	4.01	1.69
175	4.03	1.46
176	4.07	1.10
177	4.07	1.36
178	4.07	1.50
179	4.08	0.85
180	4.08	1.29
181	4.09	1.72
182	4.10	1.15
183	4.10	1.56
184	4.11	1.61
185	4.12	1.21
186	4.12	1.29
187	4.16	1.45
188	4.18	1.16
189	4.21	0.90
190	4.22	1.77
191	4.24	1.47
192	4.27	1.08
193	4.27	1.03
194	4.29	1.80
195	4.31	1.80
196	4.33	1.40
197	4.35	0.81
198	4.35	1.21
199	4.36	1.68
200	4.40	1.27
201	4.46	1.59
202	4.47	1.68
203	4.49	1.33
204	4.51	1.34
205	4.51	1.78
206	4.54	2.24
207	4.55	1.05
208	4.55	1.90
209	4.56	1.76
210	4.56	1.37
211	4.58	1.15
212	4.64	1.51
213	4.67	1.98
214	4.70	1.92
215	4.70	1.97
216	4.89	1.34
217	4.91	1.54
218	4.91	1.48
219	4.97	0.99
220	5.02	1.29
221	5.02	1.22
222	5.08	2.29
223	5.14	1.55
224	5.18	1.60
225	5.27	1.81
226	5.28	0.87
227	5.44	1.14
228	5.47	2.51
229	5.58	2.32
230	5.61	1.47
231	5.74	1.50
232	5.78	1.25
233	5.81	2.96
234	6.02	1.44
235	6.06	1.16
236	6.06	2.04
237	6.11	1.85
238	6.20	1.64
239	6.30	2.13
240	6.40	0.81
241	6.62	1.86
242	6.65	2.39
243	6.65	0.95
244	6.67	2.06
245	6.69	0.93
246	6.81	2.44
247	6.81	0.69
248	6.85	0.90
249	6.89	1.73
250	6.93	1.68
251	6.94	1.02
252	6.96	1.17
253	7.00	1.09
254	7.04	1.28
255	7.07	1.19
256	7.08	2.82
257	7.09	1.51
258	7.10	1.35
259	7.14	1.21
260	7.15	1.23
261	7.21	1.52
262	7.22	1.03
263	7.22	1.39
264	7.24	1.19
265	7.27	1.13
266	7.29	1.17
267	7.29	1.29
268	7.30	2.26
269	7.31	1.24
270	7.38	1.20
271	7.38	2.30
272	7.39	1.24
273	7.39	1.28
274	7.39	1.40
275	7.39	1.24
276	7.42	1.42
277	7.49	1.18
278	7.49	1.46
279	7.51	0.49
280	7.53	1.15
281	7.53	1.41
282	7.54	1.15
283	7.54	1.05
284	7.55	1.21
285	7.57	1.42
286	7.58	1.60
287	7.58	1.23
288	7.58	1.31
289	7.59	1.57
290	7.59	1.34
291	7.61	1.53
292	7.62	1.26
293	7.63	1.47
294	7.63	1.59
295	7.64	1.20
296	7.64	3.04
297	7.66	2.93
298	7.67	0.83
299	7.70	1.47
300	7.71	1.12
301	7.71	1.71
302	7.73	1.70
303	7.78	1.77
304	7.83	1.38
305	7.84	1.59
306	7.84	1.28
307	7.85	1.78
308	7.85	1.61
309	7.86	1.55
310	7.87	1.76
311	7.88	1.52
312	7.91	1.45
313	7.93	1.56
314	7.93	1.82
315	7.98	1.82
316	8.00	1.54
317	8.04	1.66
318	8.12	1.34
319	8.14	2.28
320	8.19	1.47
321	8.24	1.73
322	8.27	0.88
323	8.28	7.02
324	8.31	1.97
325	8.33	1.69
326	8.33	1.05
327	8.43	1.83
328	8.44	1.28
329	8.46	1.59
330	8.48	3.16
331	8.48	3.24
332	8.53	4.89
333	8.57	0.93
334	8.61	1.51
335	8.61	1.49
336	8.69	3.03
337	8.77	1.35
338	8.77	1.57
339	8.81	1.14
340	8.83	3.39
341	8.84	1.45
342	8.93	3.00
343	8.94	1.98
344	8.96	1.05
345	8.98	2.66
346	9.07	2.16
347	9.13	3.64
348	9.17	3.45
349	9.29	3.76
350	9.33	2.31
351	9.43	3.18
352	9.45	3.17
353	9.48	3.14
354	9.54	2.45
355	9.67	2.55
356	9.71	1.39
357	9.75	2.41
358	9.84	2.46
359	10.00	0.99
360	10.06	1.51
361	10.16	1.38
362	10.38	1.04
363	10.44	0.80
364	10.76	0.78
365	10.97	3.62
366	11.03	3.21
367	11.05	3.29
368	11.23	1.63
369	11.27	3.58
370	11.31	4.12
371	11.32	2.85
372	11.35	4.69
373	11.52	2.84
374	11.54	1.18
375	11.58	3.24
376	11.63	2.44
377	11.71	1.00
378	11.72	1.16
379	11.74	0.83
380	11.75	0.94
381	11.79	1.19
382	11.79	0.94
383	11.80	3.41
384	11.86	1.11
385	11.93	0.96
386	11.96	1.00
387	12.04	2.03
388	12.13	1.13
389	12.69	0.99
390	12.80	1.02
391	12.95	5.95
392	13.01	0.95
393	13.11	1.12
394	13.42	1.88
395	14.29	3.78
396	14.94	1.07
397	15.10	1.40
398	15.85	1.75
399	16.14	1.03
400	16.18	1.99
401	16.36	1.41
402	19.23	1.26
403	20.79	1.17
404	20.87	1.46
405	22.06	0.56
406	22.14	0.82
407	22.41	0.60
408	23.16	1.32
409	27.62	0.74
410	27.97	2.95
411	28.06	0.84
412	30.17	0.66
413	30.29	0.88
414	30.85	0.55
415	31.03	0.68
416	31.05	0.77
417	31.51	0.75
418	31.91	0.77
419	32.10	0.74
420	32.47	0.66
421	32.94	0.84
422	32.97	1.07
423	33.04	0.65
424	33.15	0.65
425	33.56	0.69
426	34.39	0.72
427	35.01	1.25
428	37.09	0.96
429	37.16	0.81
430	39.04	0.85
431	41.60	2.83
432	41.69	1.12
433	44.14	0.83
434	44.75	1.01
435	48.35	1.13
436	50.23	0.75
437	51.35	0.67
438	52.01	0.70
439	53.05	0.80
440	53.18	0.64
441	53.20	0.64
442	53.22	1.10
443	53.51	1.00
444	54.21	0.73
445	54.66	11.30
446	54.89	0.72
447	54.97	0.87
448	54.97	0.85
449	55.15	1.07
450	55.45	0.70
451	55.46	0.72
452	55.64	0.71
453	55.74	0.75
454	55.94	0.79
455	56.19	0.77
456	56.26	1.00
457	56.37	0.59
458	56.39	0.78
459	56.68	0.84
460	56.74	0.90
461	56.80	0.84
462	56.86	0.61
463	56.88	0.74
464	57.05	0.75
465	57.08	0.74
466	57.19	1.53
467	57.55	0.92
468	57.58	0.65
469	57.78	0.96
470	57.96	0.81
471	58.07	0.72
472	58.79	0.83
473	58.92	0.96
474	59.13	7.65
475	60.16	0.93
476	62.66	4.19
477	66.89	0.73
478	68.30	0.85
479	69.67	0.88
480	70.36	1.16
481	70.45	0.74
482	71.02	0.75
483	71.25	0.88
484	71.82	1.25
485	72.06	0.80
486	72.41	0.99
487	73.34	0.76
488	73.39	0.97
489	74.97	1.00
490	75.45	1.43
491	75.88	1.42
492	76.37	0.90
493	76.94	0.87
494	80.21	0.88
495	85.64	0.83
496	85.72	0.79
497	86.33	1.73
498	89.63	0.84
499	91.11	1.66
500	104.97	0.88
501	123.76	1.15
502	156.55	0.92
503	176.23	1.00
504	177.40	0.95
505	8224.10	18.83
